"node_id","weight","deg_centrality","r_degree","betweenness","r_betweenness","closeness","r_closeness","eigenvector","r_eigenvector","pagerank","ccf"
1,1.0,0.9375000000000001,0.06249999999999989,1.0,0.0,1.0,0.0,0.9488973321221431,0.05110266787785689,0.957069442054808,0.15
2,1.0,0.49999999999999994,0.5,0.1232457496136012,0.8767542503863988,0.7058823529411764,0.2941176470588236,0.6928939083963587,0.30710609160364133,0.47411138491976684,0.3333333333333333
3,1.0,0.5624999999999999,0.4375000000000001,0.32825691224454745,0.6717430877554526,0.966101694915254,0.033898305084746005,0.8393866343216847,0.1606133656783153,0.5201035181168933,0.24444444444444444
4,1.0,0.3125,0.6875,0.027212776919113852,0.9727872230808862,0.6338028169014084,0.3661971830985916,0.5362572539279756,0.46374274607202437,0.28783618183962467,0.6666666666666666
5,1.0,0.125,0.875,0.0014425553838227714,0.9985574446161772,0.3333333333333332,0.6666666666666667,0.14963975916596053,0.8503602408340395,0.13587962776376314,0.6666666666666666
6,1.0,0.1875,0.8125,0.06852138073158165,0.9314786192684184,0.3488372093023256,0.6511627906976745,0.15968822117017428,0.8403117788298258,0.21396234120914903,0.5
7,1.0,0.1875,0.8125,0.06852138073158165,0.9314786192684184,0.3488372093023256,0.6511627906976745,0.15968822117017412,0.8403117788298259,0.21396234120914895,0.5
8,1.0,0.1875,0.8125,0.0,1.0,0.5466666666666666,0.45333333333333337,0.42125362115572185,0.5787463788442782,0.16338288603549747,1.0
9,1.0,0.25,0.75,0.12779323372831872,0.8722067662716813,0.8124999999999999,0.1875000000000001,0.5826481464747572,0.41735185352524284,0.2211311380984595,0.5
10,1.0,0.0625,0.9375,0.0019371458011334362,0.9980628541988665,0.5263157894736842,0.4736842105263158,0.22600037253184224,0.7739996274681578,0.051936740031377146,0.0
11,1.0,0.125,0.875,0.0014425553838227714,0.9985574446161772,0.3333333333333332,0.6666666666666667,0.14963975916596073,0.8503602408340393,0.13587962776376314,0.6666666666666666
12,1.0,0.0,1.0,0.0,1.0,0.28888888888888875,0.7111111111111112,0.08355088118295997,0.91644911881704,0.0,0.0
13,1.0,0.0625,0.9375,0.0,1.0,0.30337078651685395,0.696629213483146,0.17333192642903184,0.8266680735709682,0.05560919311025716,1.0
14,1.0,0.25,0.75,0.10479821397904858,0.8952017860209515,0.8124999999999999,0.1875000000000001,0.5799855418130976,0.4200144581869024,0.21861785098243047,0.6
15,1.0,0.0625,0.9375,0.0,1.0,0.30337078651685395,0.696629213483146,0.22236615077210467,0.7776338492278954,0.05441715452163324,1.0
16,1.0,0.0625,0.9375,0.0,1.0,0.30337078651685395,0.696629213483146,0.22236615077210492,0.7776338492278951,0.05441715452163324,1.0
17,1.0,0.0625,0.9375,0.0,1.0,0.0,1.0,0.0,1.0,0.07902473269754122,1.0
18,1.0,0.0625,0.9375,0.0,1.0,0.3181818181818181,0.6818181818181819,0.19662120596725138,0.8033787940327486,0.054665453475518204,1.0
19,1.0,0.0625,0.9375,0.0,1.0,0.30337078651685395,0.696629213483146,0.22236615077210492,0.7776338492278951,0.05441715452163324,1.0
20,1.0,0.125,0.875,0.07420573587497853,0.9257942641250214,0.7575757575757575,0.24242424242424254,0.355353126624627,0.644646873375373,0.10990041842245125,0.3333333333333333
21,1.0,0.0625,0.9375,0.0,1.0,0.30337078651685395,0.696629213483146,0.2223661507721048,0.7776338492278951,0.05441715452163324,1.0
22,1.0,0.0625,0.9375,0.0,1.0,0.3181818181818181,0.6818181818181819,0.19662120596725127,0.8033787940327487,0.054665453475518204,1.0
23,1.0,0.0625,0.9375,0.0,1.0,0.30337078651685395,0.696629213483146,0.22236615077210486,0.7776338492278951,0.05441715452163324,1.0
24,1.0,0.25,0.75,0.040247295208655325,0.9597527047913447,0.3809523809523809,0.6190476190476191,0.3616610646886103,0.6383389353113897,0.24035799512268866,0.4
25,1.0,0.125,0.875,0.0050489438433797005,0.9949510561566203,0.3181818181818181,0.6818181818181819,0.0955509067497023,0.9044490932502977,0.1260068855460916,0.3333333333333333
26,1.0,0.125,0.875,0.008775545251588527,0.9912244547484115,0.3181818181818181,0.6818181818181819,0.10171008001467141,0.8982899199853286,0.12524243263996998,0.3333333333333333
27,1.0,0.0625,0.9375,0.0,1.0,0.27472527472527464,0.7252747252747254,0.14852630851141227,0.8514736914885878,0.059978396015479565,1.0
28,1.0,0.1875,0.8125,0.05103211403056841,0.9489678859694316,0.6111111111111109,0.38888888888888906,0.3140771537913486,0.6859228462086514,0.1759632322924865,0.16666666666666666
29,1.0,0.125,0.875,0.004100978876867593,0.9958990211231324,0.5890410958904108,0.41095890410958924,0.30721658935493984,0.6927834106450601,0.10955914477551594,0.3333333333333333
30,1.0,0.1875,0.8125,0.0066769706336939705,0.993323029366306,0.3488372093023256,0.6511627906976745,0.31831949798908277,0.6816805020109172,0.1830649148675723,0.6666666666666666
31,1.0,0.1875,0.8125,0.032931478619268414,0.9670685213807316,0.6111111111111109,0.38888888888888906,0.43211507915633107,0.5678849208436689,0.16447378229346182,0.5
32,1.0,0.3125,0.6875,0.3159608449252961,0.6840391550747039,0.9016393442622952,0.0983606557377048,0.4786528068660208,0.5213471931339793,0.30204708749055326,0.2
33,1.0,0.6875000000000001,0.3124999999999999,0.3318907779495105,0.6681092220504895,0.8124999999999999,0.1875000000000001,0.8149439572905086,0.1850560427094914,0.6800816978610315,0.19696969696969696
34,1.0,1.0,0.0,0.6948136699295894,0.3051863300704106,0.9333333333333333,0.06666666666666665,1.0,0.0,1.0,0.11029411764705882
