"node_id","weight","deg_centrality","r_degree","betweenness","r_betweenness","closeness","r_closeness","eigenvector","r_eigenvector","pagerank","ccf"
0,1.0,0.7777777777777777,0.22222222222222232,0.5479805175551786,0.4520194824448214,0.9701509401110984,0.02984905988890163,0.753174285056308,0.246825714943692,0.743410376566453,0.2
1,1.0,0.611111111111111,0.38888888888888895,0.5389889016326798,0.46101109836732024,0.8552785504458368,0.14472144955416322,0.4939290735671152,0.5060709264328849,0.6631342065199266,0.18181818181818182
2,1.0,0.4999999999999999,0.5000000000000001,0.3743442440796937,0.6256557559203063,0.8142531836877528,0.1857468163122472,0.3944202776333454,0.6055797223666546,0.5538292487933929,0.06666666666666668
3,1.0,0.7222222222222221,0.2777777777777779,0.4037916366190022,0.5962083633809978,0.9033546397083079,0.09664536029169213,0.7591852000909379,0.24081479990906207,0.6953512669998292,0.23076923076923078
4,1.0,0.27777777777777773,0.7222222222222223,0.047312389431062155,0.9526876105689378,0.7239521455307301,0.27604785446926994,0.3454655270646303,0.6545344729353697,0.2617036496896694,0.4
5,1.0,0.4999999999999999,0.5000000000000001,0.1959433771201836,0.8040566228798164,0.839081169956784,0.16091883004321605,0.5495337942358948,0.45046620576410523,0.4765523217064079,0.13333333333333336
6,1.0,0.3333333333333333,0.6666666666666667,0.11647401375062995,0.8835259862493701,0.7420145435393374,0.2579854564606626,0.35979862778386,0.6402013722161399,0.3229047939246243,0.14285714285714285
7,1.0,1.0,0.0,0.8373975270258872,0.1626024729741128,1.0,0.0,1.0,0.0,1.0,0.19298245614035087
8,1.0,0.44444444444444436,0.5555555555555556,0.1311660538430042,0.8688339461569958,0.785855001976672,0.21414499802332798,0.502065376941227,0.497934623058773,0.41730238266988967,0.3333333333333333
9,1.0,0.3333333333333333,0.6666666666666667,0.03567422914838665,0.9643257708516133,0.7140973587384395,0.2859026412615605,0.41089243221087796,0.589107567789122,0.3041586798159457,0.5714285714285714
10,1.0,0.611111111111111,0.38888888888888895,0.14107671757481943,0.8589232824251806,0.785855001976672,0.21414499802332798,0.6424287262841889,0.3575712737158111,0.5671702988148777,0.31818181818181823
11,1.0,0.3333333333333333,0.6666666666666667,0.06378904549154818,0.9362109545084518,0.7542934930397133,0.24570650696028673,0.393475324221738,0.6065246757782621,0.3104023275457036,0.42857142857142855
12,1.0,0.3888888888888888,0.6111111111111112,0.15609279528389458,0.8439072047161054,0.8076107160174559,0.19238928398254407,0.40672393900881765,0.5932760609911824,0.36245964049254414,0.10714285714285714
13,1.0,0.5555555555555555,0.44444444444444453,0.36623186255733176,0.6337681374426682,0.8098188469935683,0.19018115300643168,0.5339355710687407,0.4660644289312593,0.595410604582175,0.27272727272727276
14,1.0,0.44444444444444436,0.5555555555555556,0.23936547241311956,0.7606345275868804,0.8254456200552855,0.17455437994471446,0.45829811152773337,0.5417018884722666,0.43482166389411453,0.25
15,1.0,0.611111111111111,0.38888888888888895,0.41639746954262313,0.5836025304573769,0.8741825855447999,0.12581741445520012,0.6115122758698451,0.38848772413015487,0.6390117524547136,0.2272727272727273
16,1.0,0.8333333333333331,0.16666666666666685,0.7978854143970887,0.2021145856029113,0.9569052688089014,0.043094731191098634,0.7958023885834761,0.20419761141652393,0.8111256000115262,0.225
17,1.0,0.611111111111111,0.38888888888888895,0.32580659521036837,0.6741934047896316,0.7988378713285778,0.20116212867142225,0.6053787173380871,0.3946212826619129,0.6014456550578895,0.36363636363636365
18,1.0,0.27777777777777773,0.7222222222222223,0.03819358119276296,0.961806418807237,0.7121415238149568,0.28785847618504323,0.3903103715163762,0.6096896284836237,0.26112193355172897,0.6000000000000001
19,1.0,0.6666666666666665,0.3333333333333335,0.33243627179012875,0.6675637282098712,0.9008852141463347,0.09911478585366529,0.6913971017920848,0.3086028982079152,0.6285125839383685,0.3461538461538462
20,1.0,0.7222222222222221,0.2777777777777779,0.49655425298033984,0.5034457470196602,0.8552785504458368,0.14472144955416322,0.700884257365954,0.29911574263404594,0.7493157476666675,0.2967032967032967
21,1.0,0.611111111111111,0.38888888888888895,0.2778939576953694,0.7221060423046306,0.8837959462103465,0.11620405378965348,0.6910871257171726,0.30891287428282743,0.584825104450757,0.2272727272727273
22,1.0,0.7222222222222221,0.2777777777777779,0.4158179869791141,0.5841820130208859,0.8482981433349556,0.15170185666504443,0.754537204607709,0.245462795392291,0.731721856698776,0.2637362637362638
23,1.0,0.7222222222222221,0.2777777777777779,0.389814148392666,0.610185851607334,0.8623177812121465,0.13768221878785347,0.755209855602694,0.24479014439730595,0.6900947136456903,0.19780219780219782
24,1.0,0.44444444444444436,0.5555555555555556,0.086653641189626,0.913346358810374,0.7667676046513536,0.23323239534864637,0.579114250133375,0.42088574986662497,0.4079935641342838,0.25
25,1.0,0.7222222222222221,0.2777777777777779,0.4014031259292863,0.5985968740707137,0.8670436497547864,0.13295635024521357,0.71548239474795,0.28451760525205005,0.6880439466487825,0.16483516483516483
26,1.0,0.4999999999999999,0.5000000000000001,0.17974099781853467,0.8202590021814653,0.7966594591521221,0.2033405408478779,0.5195480927263687,0.4804519072736313,0.48216411654275704,0.4666666666666667
27,1.0,0.6666666666666665,0.3333333333333335,0.37730181315420086,0.6226981868457991,0.8935193310322943,0.1064806689677057,0.6549726429992995,0.34502735700070053,0.636633849245646,0.1923076923076923
28,1.0,0.3333333333333333,0.6666666666666667,0.20350448965521037,0.7964955103447896,0.6928548183195024,0.30714518168049765,0.34565998748762583,0.6543400125123742,0.3723570834204243,0.42857142857142855
29,1.0,0.7222222222222221,0.2777777777777779,0.5736733631831158,0.4263266368168842,0.9058311817704596,0.09416881822954037,0.7733354209437093,0.22666457905629067,0.7093122169764078,0.19780219780219782
30,1.0,0.7777777777777777,0.22222222222222232,0.3611730893601016,0.6388269106398984,0.9058311817704596,0.09416881822954037,0.8120167266025865,0.1879832733974135,0.7308700373600456,0.2285714285714286
31,1.0,0.7222222222222221,0.2777777777777779,0.5097873495782063,0.49021265042179374,0.8254456200552855,0.17455437994471446,0.594011033503058,0.40598896649694205,0.7729858180905435,0.19780219780219782
32,1.0,0.5555555555555555,0.44444444444444453,0.30245647852674323,0.6975435214732568,0.7751944124067538,0.2248055875932462,0.5233544147666161,0.47664558523338385,0.5824840653907573,0.32727272727272727
33,1.0,0.5555555555555555,0.44444444444444453,0.37920888318441565,0.6207911168155844,0.8506184553220687,0.1493815446779313,0.5131756787692818,0.48682432123071817,0.5411195790903943,0.27272727272727276
34,1.0,0.44444444444444436,0.5555555555555556,0.10639949175176601,0.893600508248234,0.7625875963129749,0.2374124036870251,0.5146396655460531,0.4853603344539469,0.4099771755975439,0.4166666666666667
35,1.0,0.3888888888888888,0.6111111111111112,0.11620936139568681,0.8837906386043132,0.7542934930397133,0.24570650696028673,0.4416568193013805,0.5583431806986194,0.3733038040462383,0.21428571428571427
36,1.0,0.16666666666666663,0.8333333333333334,0.0108614178879356,0.9891385821120644,0.5466761051743652,0.45332389482563484,0.20772614870260672,0.7922738512973933,0.15798477794448243,0.0
37,1.0,0.3888888888888888,0.6111111111111112,0.2200007058215472,0.7799992941784528,0.6852758214866153,0.31472417851338474,0.4061690799746647,0.5938309200253353,0.4236388483700247,0.10714285714285714
38,1.0,0.44444444444444436,0.5555555555555556,0.1764527315465599,0.8235472684534401,0.7730793060718713,0.22692069392812875,0.4054567681949677,0.5945432318050323,0.4291235834918805,0.08333333333333333
39,1.0,0.3888888888888888,0.6111111111111112,0.17317811005081554,0.8268218899491845,0.7542934930397133,0.24570650696028673,0.3340399299828226,0.6659600700171774,0.3907648159889178,0.10714285714285714
40,1.0,0.27777777777777773,0.7222222222222223,0.08763815888945908,0.912361841110541,0.7279297106391428,0.2720702893608572,0.31910816300950673,0.6808918369904933,0.2739148477752358,0.2
41,1.0,0.4999999999999999,0.5000000000000001,0.4361110008108071,0.5638889991891929,0.8910780669144982,0.1089219330855018,0.5741478568566907,0.4258521431433093,0.49818807213689026,0.2666666666666667
42,1.0,0.5555555555555555,0.44444444444444453,0.1096042784019593,0.8903957215980407,0.7944869187066005,0.2055130812933995,0.6973895062468691,0.30261049375313087,0.5095248949913486,0.3818181818181818
43,1.0,0.7222222222222221,0.2777777777777779,0.34997845595886506,0.650021544041135,0.8741825855447999,0.12581741445520012,0.6679300738946409,0.3320699261053591,0.690802343763011,0.23076923076923078
44,1.0,0.44444444444444436,0.5555555555555556,0.1748743143434808,0.8251256856565192,0.7688659244869986,0.23113407551300136,0.4482966190227461,0.5517033809772539,0.4337447841743334,0.16666666666666666
45,1.0,0.4999999999999999,0.5000000000000001,0.39086669939388713,0.6091333006061128,0.8367928619050803,0.1632071380949197,0.4608119517036341,0.5391880482963659,0.5506206144268294,0.06666666666666668
46,1.0,0.611111111111111,0.38888888888888895,0.45503048559629106,0.544969514403709,0.839081169956784,0.16091883004321605,0.4787729590484681,0.5212270409515318,0.6484813037826594,0.09090909090909091
47,1.0,0.611111111111111,0.38888888888888895,0.3203517118616938,0.6796482881383061,0.8935193310322943,0.1064806689677057,0.6348842228660359,0.36511577713396415,0.586846988481118,0.27272727272727276
48,1.0,0.44444444444444436,0.5555555555555556,0.6042673334912566,0.3957326665087434,0.7259383619138986,0.2740616380861014,0.35725963466016125,0.6427403653398387,0.5493068894499767,0.08333333333333333
49,1.0,0.44444444444444436,0.5555555555555556,0.21185056421789372,0.7881494357821063,0.7773151590251963,0.22268484097480368,0.4961574965292835,0.5038425034707166,0.4289596204910081,0.4166666666666667
50,1.0,0.611111111111111,0.38888888888888895,0.16845271446157645,0.8315472855384236,0.8345108751463369,0.16548912485366307,0.6992208992533265,0.30077910074667347,0.5715050522900511,0.2272727272727273
51,1.0,0.4999999999999999,0.5000000000000001,0.11280828986782786,0.8871917101321721,0.829965761023551,0.17003423897644898,0.6153929394466257,0.38460706055337435,0.4599651409384118,0.5333333333333334
52,1.0,0.611111111111111,0.38888888888888895,0.27837708873287365,0.7216229112671264,0.8789756299049981,0.12102437009500189,0.6472873073251871,0.35271269267481287,0.5783740616834154,0.31818181818181823
53,1.0,0.3333333333333333,0.6666666666666667,0.09091976605705038,0.9090802339429496,0.7667676046513536,0.23323239534864637,0.45072724482999277,0.5492727551700072,0.3066264084332247,0.14285714285714285
54,1.0,0.3333333333333333,0.6666666666666667,0.0958338814885946,0.9041661185114054,0.6796413732779358,0.32035862672206417,0.3170658209413084,0.6829341790586916,0.3255336576721816,0.14285714285714285
55,1.0,0.44444444444444436,0.5555555555555556,0.10611648400529834,0.8938835159947016,0.7082448220924058,0.2917551779075942,0.38937582994192854,0.6106241700580715,0.42968777342562964,0.3333333333333333
56,1.0,0.6666666666666665,0.3333333333333335,0.2826405096870448,0.7173594903129552,0.8789756299049981,0.12102437009500189,0.727308653946435,0.27269134605356504,0.6165000791136956,0.23076923076923078
57,1.0,0.44444444444444436,0.5555555555555556,0.3253375173121253,0.6746624826878747,0.7730793060718713,0.22692069392812875,0.3858055523437378,0.6141944476562622,0.4604549323935494,0.25
58,1.0,0.3888888888888888,0.6111111111111112,0.06693948268413147,0.9330605173158686,0.7239521455307301,0.27604785446926994,0.4448496167146372,0.5551503832853628,0.364863193839494,0.42857142857142855
59,1.0,0.611111111111111,0.38888888888888895,0.17587047547936016,0.8241295245206398,0.8209502469827367,0.17904975301726334,0.641358892007986,0.358641107992014,0.5705250637408047,0.2272727272727273
60,1.0,0.611111111111111,0.38888888888888895,0.12243683283672584,0.8775631671632742,0.8209502469827367,0.17904975301726334,0.700981802040797,0.29901819795920304,0.5623876203450883,0.36363636363636365
61,1.0,0.44444444444444436,0.5555555555555556,0.27237524954733383,0.7276247504526662,0.7501790525561884,0.24982094744381156,0.42317467137904513,0.5768253286209548,0.4827988004588422,0.3333333333333333
62,1.0,0.44444444444444436,0.5555555555555556,0.16360517205522626,0.8363948279447737,0.7563588338876934,0.24364116611230657,0.48114782997479744,0.5188521700252026,0.4292936725540228,0.3333333333333333
63,1.0,0.6666666666666665,0.3333333333333335,1.0,0.0,0.9648289833554018,0.03517101664459821,0.6940414333997384,0.30595856660026155,0.6751757325898547,0.2692307692307693
64,1.0,0.44444444444444436,0.5555555555555556,0.17764351637032502,0.822356483629675,0.7730793060718713,0.22692069392812875,0.4724523658060359,0.5275476341939641,0.43347400245523565,0.25
65,1.0,0.3333333333333333,0.6666666666666667,0.04684009109528195,0.953159908904718,0.690952901081489,0.309047098918511,0.37814409885152817,0.6218559011484719,0.31297192011489683,0.2857142857142857
66,1.0,0.5555555555555555,0.44444444444444453,0.37066998756098735,0.6293300124390127,0.857618388123527,0.14238161187647302,0.5924632676222916,0.4075367323777084,0.5654735986004933,0.21818181818181817
67,1.0,0.7222222222222221,0.2777777777777779,0.3585276347915066,0.6414723652084934,0.839081169956784,0.16091883004321605,0.7758586832976132,0.2241413167023868,0.72299572750325,0.2967032967032967
68,1.0,0.27777777777777773,0.7222222222222223,0.09321933374230891,0.906780666257691,0.690952901081489,0.309047098918511,0.32158353434675857,0.6784164656532414,0.2719591267387068,0.2
69,1.0,0.7222222222222221,0.2777777777777779,0.4119543074788026,0.5880456925211974,0.8209502469827367,0.17904975301726334,0.6471130865688541,0.35288691343114587,0.7520187783989841,0.2637362637362638
70,1.0,0.611111111111111,0.38888888888888895,0.43420025400765117,0.5657997459923488,0.8552785504458368,0.14472144955416322,0.43672568595906464,0.5632743140409353,0.621492227984731,0.18181818181818182
71,1.0,0.22222222222222218,0.7777777777777778,0.06488248983442074,0.9351175101655793,0.6759085220302379,0.3240914779697621,0.1728593590388456,0.8271406409611544,0.2291104915751174,0.30000000000000004
72,1.0,0.5555555555555555,0.44444444444444453,0.30954015768763793,0.690459842312362,0.8482981433349556,0.15170185666504443,0.4438789536127034,0.5561210463872965,0.5444630111122126,0.21818181818181817
73,1.0,0.44444444444444436,0.5555555555555556,0.21133220791889226,0.7886677920811077,0.7379641401714195,0.26203585982858046,0.33169680576394706,0.6683031942360529,0.442337547417475,0.0
74,1.0,0.3888888888888888,0.6111111111111112,0.3523549985404174,0.6476450014595826,0.7966594591521221,0.2033405408478779,0.23774927987056993,0.7622507201294301,0.46128296258189566,0.0
75,1.0,0.5555555555555555,0.44444444444444453,0.5271125339227476,0.4728874660772524,0.8935193310322943,0.1064806689677057,0.4650417315104464,0.5349582684895535,0.5624425102353136,0.21818181818181817
76,1.0,0.44444444444444436,0.5555555555555556,0.22218201674154942,0.7778179832584506,0.7880042913100971,0.21199570868990292,0.3249730801614634,0.6750269198385366,0.4668831365643472,0.08333333333333333
77,1.0,0.6666666666666665,0.3333333333333335,0.49511486488066075,0.5048851351193393,0.8459842856231893,0.15401571437681072,0.46878126178314966,0.5312187382168503,0.716304334267472,0.1923076923076923
78,1.0,0.27777777777777773,0.7222222222222223,0.24935759193832382,0.7506424080616761,0.5915962069232262,0.40840379307677377,0.13620059751678418,0.8637994024832159,0.3821519997121375,0.0
79,1.0,0.22222222222222218,0.7777777777777778,0.11259680573130045,0.8874031942686995,0.6684984645223857,0.3315015354776143,0.1853542980240585,0.8146457019759414,0.25197667984089267,0.6000000000000001
80,1.0,0.3333333333333333,0.6666666666666667,0.12979985292963817,0.8702001470703619,0.8098188469935683,0.19018115300643168,0.3530867716480151,0.646913228351985,0.3195377313156086,0.14285714285714285
81,1.0,0.44444444444444436,0.5555555555555556,0.24065841311277092,0.7593415868872291,0.7605058639280964,0.23949413607190362,0.32473343854112174,0.6752665614588782,0.46611698974059573,0.16666666666666666
82,1.0,0.3888888888888888,0.6111111111111112,0.15338220144184334,0.8466177985581567,0.7667676046513536,0.23323239534864637,0.28838289010360485,0.7116171098963952,0.3894526107266482,0.0
83,1.0,0.22222222222222218,0.7777777777777778,0.05442571415820346,0.9455742858417966,0.6413546105721281,0.35864538942787194,0.16887951375849947,0.8311204862415005,0.23021433984066816,0.0
84,1.0,0.7777777777777777,0.22222222222222232,0.9632816392006434,0.03671836079935664,0.9108057388028165,0.08919426119718354,0.456680762973973,0.543319237026027,0.8125311772557877,0.14285714285714285
85,1.0,0.5555555555555555,0.44444444444444453,0.4489506698469739,0.5510493301530262,0.8813823645375691,0.11861763546243087,0.4286109410089957,0.5713890589910042,0.5753615425982269,0.10909090909090909
86,1.0,0.5555555555555555,0.44444444444444453,0.24311772017899674,0.7568822798210033,0.8254456200552855,0.17455437994471446,0.4691591860751936,0.5308408139248064,0.5500742400775942,0.10909090909090909
87,1.0,0.5555555555555555,0.44444444444444453,0.42004727425164745,0.5799527257483525,0.8459842856231893,0.15401571437681072,0.45275666521715324,0.5472433347828467,0.566769600921188,0.10909090909090909
88,1.0,0.3888888888888888,0.6111111111111112,0.22673161622268365,0.7732683837773163,0.7082448220924058,0.2917551779075942,0.3130405110942174,0.6869594889057826,0.4337232218382051,0.21428571428571427
89,1.0,0.4999999999999999,0.5000000000000001,0.33289428751395217,0.6671057124860478,0.7923202262838122,0.20767977371618784,0.38064810189956955,0.6193518981004305,0.5178640679285073,0.2666666666666667
90,1.0,0.4999999999999999,0.5000000000000001,0.5924175444942829,0.40758245550571714,0.8322351835234798,0.1677648164765202,0.30247960408296326,0.6975203959170367,0.583696048736337,0.0
91,1.0,0.5555555555555555,0.44444444444444453,0.3941018767134367,0.6058981232865632,0.8506184553220687,0.1493815446779313,0.41852427338414366,0.5814757266158563,0.5584776614214512,0.05454545454545454
92,1.0,0.7222222222222221,0.2777777777777779,0.6257839276318431,0.3742160723681569,0.8837959462103465,0.11620405378965348,0.5907546563619609,0.4092453436380391,0.7800145239557094,0.1318681318681319
93,1.0,0.1111111111111111,0.8888888888888888,0.006417338903642585,0.9935826610963574,0.5389547805904683,0.4610452194095317,0.11051646237373086,0.8894835376262691,0.11163175977325895,0.0
94,1.0,0.3333333333333333,0.6666666666666667,0.21892627584842203,0.7810737241515779,0.7140973587384395,0.2859026412615605,0.18297397068086813,0.8170260293191318,0.3696567568971316,0.14285714285714285
95,1.0,0.3333333333333333,0.6666666666666667,0.18832334464281403,0.8116766553571859,0.7399867048740191,0.2600132951259809,0.24720839336659806,0.7527916066334019,0.35561920850435114,0.2857142857142857
96,1.0,0.44444444444444436,0.5555555555555556,0.1398002427690394,0.8601997572309605,0.7751944124067538,0.2248055875932462,0.3570654144509742,0.6429345855490258,0.4354466184934553,0.5
97,1.0,0.1111111111111111,0.8888888888888888,0.01397251929658092,0.9860274807034191,0.5655714807572471,0.43442851924275294,0.09254507948587629,0.9074549205141237,0.117694681222796,0.0
98,1.0,0.44444444444444436,0.5555555555555556,0.42037028489419176,0.5796297151058083,0.785855001976672,0.21414499802332798,0.2994753341202222,0.7005246658797778,0.4829102039777671,0.16666666666666666
99,1.0,0.3333333333333333,0.6666666666666667,0.21348939320493454,0.7865106067950655,0.6796413732779358,0.32035862672206417,0.15729249258048078,0.8427075074195192,0.3644982575630926,0.14285714285714285
100,1.0,0.7777777777777777,0.22222222222222232,0.7225295991770415,0.2774704008229585,0.925903446880611,0.07409655311938901,0.5579281715051527,0.4420718284948473,0.8223667738823601,0.17142857142857143
101,1.0,0.611111111111111,0.38888888888888895,0.3438438090426011,0.656156190957399,0.7966594591521221,0.2033405408478779,0.38806816142104483,0.6119318385789552,0.623922811626225,0.36363636363636365
102,1.0,0.3888888888888888,0.6111111111111112,0.1668378041350513,0.8331621958649487,0.7440476768225807,0.25595232317741934,0.2893589122009713,0.7106410877990287,0.40345002761192666,0.32142857142857145
103,1.0,0.44444444444444436,0.5555555555555556,0.20253921868819774,0.7974607813118022,0.7063039171579886,0.29369608284201143,0.2828959653888486,0.7171040346111515,0.4717553206126978,0.4166666666666667
104,1.0,0.5555555555555555,0.44444444444444453,0.2259912276053281,0.7740087723946719,0.7688659244869986,0.23113407551300136,0.32823259527469095,0.671767404725309,0.5713529352551324,0.21818181818181817
105,1.0,0.4999999999999999,0.5000000000000001,0.2144720416638313,0.7855279583361687,0.7709698175492988,0.22903018245070117,0.36514901775193703,0.634850982248063,0.5096367919433975,0.06666666666666668
106,1.0,0.3888888888888888,0.6111111111111112,0.12146476773281811,0.8785352322671819,0.7420145435393374,0.2579854564606626,0.2848522332652133,0.7151477667347867,0.378299298149786,0.0
107,1.0,0.611111111111111,0.38888888888888895,0.6754904254870202,0.3245095745129798,0.8054085772556617,0.19459142274433827,0.3572416246914054,0.6427583753085946,0.7171144402256857,0.27272727272727276
108,1.0,0.16666666666666663,0.8333333333333334,0.02580303089560005,0.9741969691043999,0.5949184306737535,0.4050815693262465,0.12558152384852997,0.8744184761514701,0.17210567204050037,0.0
109,1.0,0.3333333333333333,0.6666666666666667,0.16205774922755237,0.8379422507724477,0.7063039171579886,0.29369608284201143,0.19509095372763155,0.8049090462723685,0.35306182437276323,0.2857142857142857
110,1.0,0.3333333333333333,0.6666666666666667,0.06441458485274833,0.9355854151472517,0.6721942653093034,0.3278057346906966,0.2494932763195678,0.7505067236804321,0.3214938480576717,0.2857142857142857
111,1.0,0.22222222222222218,0.7777777777777778,0.024873880693020503,0.9751261193069795,0.5784623748733009,0.4215376251266991,0.13132032955789658,0.8686796704421034,0.22694648966876022,0.30000000000000004
112,1.0,0.5555555555555555,0.44444444444444453,0.24794564226186694,0.7520543577381331,0.7773151590251963,0.22268484097480368,0.36023291563025744,0.6397670843697425,0.5644586755945283,0.32727272727272727
113,1.0,0.4999999999999999,0.5000000000000001,0.24757697925242042,0.7524230207475796,0.8345108751463369,0.16548912485366307,0.4419776680867854,0.5580223319132146,0.48939807042558997,0.4
114,1.0,0.44444444444444436,0.5555555555555556,0.34254384957267403,0.657456150427326,0.7379641401714195,0.26203585982858046,0.2980808124611624,0.7019191875388375,0.5215429955515517,0.25
115,1.0,0.4999999999999999,0.5000000000000001,0.34137373683689654,0.6586262631631035,0.8254456200552855,0.17455437994471446,0.35740678051281544,0.6425932194871846,0.5180163133037068,0.2
116,1.0,0.22222222222222218,0.7777777777777778,0.024288199378810518,0.9757118006211895,0.6467036442147125,0.3532963557852875,0.21846110480908415,0.7815388951909159,0.21220303844696842,0.0
117,1.0,0.1111111111111111,0.8888888888888888,0.024583419327371365,0.9754165806726286,0.5118683739501584,0.4881316260498416,0.08620623866431508,0.9137937613356849,0.13049561633114484,1.0
118,1.0,0.3333333333333333,0.6666666666666667,0.08120288730608843,0.9187971126939116,0.6928548183195024,0.30714518168049765,0.21038210989786796,0.789617890102132,0.33608087381819796,0.2857142857142857
119,1.0,0.22222222222222218,0.7777777777777778,0.03581250077669749,0.9641874992233025,0.6557065333504252,0.34429346664957483,0.17493140658632264,0.8250685934136773,0.22761081742534167,0.30000000000000004
120,1.0,0.3333333333333333,0.6666666666666667,0.09629104986023346,0.9037089501397666,0.6431332676685836,0.3568667323314164,0.13904856409536456,0.8609514359046354,0.3535777698291865,0.5714285714285714
121,1.0,0.16666666666666663,0.8333333333333334,0.1873341457922448,0.8126658542077552,0.5030787453052896,0.4969212546947104,0.055040269434606715,0.9449597305653933,0.2660618040999952,0.0
122,1.0,0.3888888888888888,0.6111111111111112,0.3316810358888767,0.6683189641111233,0.7440476768225807,0.25595232317741934,0.2161850591922327,0.7838149408077673,0.46950534739205263,0.32142857142857145
123,1.0,0.4999999999999999,0.5000000000000001,0.31558093486703015,0.6844190651329698,0.6378102792777312,0.36218972072226885,0.1480777039662015,0.8519222960337984,0.6026544316879743,0.3333333333333333
124,1.0,0.5555555555555555,0.44444444444444453,0.34362097104767486,0.6563790289523251,0.7160582086232643,0.2839417913767357,0.20085003761723505,0.7991499623827649,0.6353842272003389,0.21818181818181817
125,1.0,0.3333333333333333,0.6666666666666667,0.05871826200736142,0.9412817379926386,0.5671697875074578,0.43283021249254217,0.10945405243202916,0.8905459475679709,0.3744171565942374,0.5714285714285714
126,1.0,0.44444444444444436,0.5555555555555556,0.6308175339898733,0.3691824660101267,0.704367950912972,0.295632049087028,0.12384508023175393,0.8761549197682461,0.5947790914999211,0.16666666666666666
127,1.0,0.22222222222222218,0.7777777777777778,0.018309654468642415,0.9816903455313576,0.5222722233092024,0.4777277766907976,0.08785930097389867,0.9121406990261013,0.24794633811875047,0.9
128,1.0,0.3333333333333333,0.6666666666666667,0.14383053810804405,0.856169461891956,0.6777726146220572,0.3222273853779428,0.1470992259249767,0.8529007740750233,0.35061064312599777,0.14285714285714285
129,1.0,0.3888888888888888,0.6111111111111112,0.13232330967122297,0.867676690328777,0.6484953956799574,0.3515046043200426,0.18598520750109016,0.8140147924989098,0.4208312410690051,0.0
130,1.0,0.3888888888888888,0.6111111111111112,0.13310319585073563,0.8668968041492644,0.6083657153659945,0.3916342846340055,0.11757659521249295,0.882423404787507,0.43098245145172676,0.32142857142857145
131,1.0,0.44444444444444436,0.5555555555555556,0.3514257970589437,0.6485742029410563,0.6684984645223857,0.3315015354776143,0.1610819806927493,0.8389180193072507,0.5459081783955153,0.3333333333333333
132,1.0,0.44444444444444436,0.5555555555555556,0.2785758742001151,0.7214241257998849,0.7880042913100971,0.21199570868990292,0.2386110099234654,0.7613889900765346,0.46737863200811725,0.3333333333333333
133,1.0,0.1111111111111111,0.8888888888888888,0.021907914772286503,0.9780920852277135,0.4929701910039617,0.5070298089960383,0.060302255596508945,0.9396977444034911,0.12936097267841326,0.0
134,1.0,0.5555555555555555,0.44444444444444453,0.515086473000688,0.484913526999312,0.7481299104043806,0.2518700895956194,0.24564355544813382,0.7543564445518662,0.6528427272366193,0.27272727272727276
135,1.0,0.22222222222222218,0.7777777777777778,0.06443706790649698,0.935562932093503,0.6325260035297211,0.3674739964702789,0.12423728074440543,0.8757627192555946,0.24050358425325888,0.30000000000000004
136,1.0,0.44444444444444436,0.5555555555555556,0.2972254010692119,0.7027745989307881,0.785855001976672,0.21414499802332798,0.19770442047501438,0.8022955795249856,0.4774383169328639,0.25
137,1.0,0.4999999999999999,0.5000000000000001,0.3021476084032775,0.6978523915967225,0.7667676046513536,0.23323239534864637,0.27046827616657615,0.7295317238334238,0.5435861822908351,0.3333333333333333
138,1.0,0.3333333333333333,0.6666666666666667,0.1401107927199738,0.8598892072800262,0.6557065333504252,0.34429346664957483,0.13319316967949837,0.8668068303205017,0.36816422651667335,0.14285714285714285
139,1.0,0.27777777777777773,0.7222222222222223,0.0550472942989381,0.9449527057010619,0.5752171410518847,0.4247828589481153,0.10134707896335074,0.8986529210366493,0.31067990377380444,0.4
140,1.0,0.27777777777777773,0.7222222222222223,0.12355623875223404,0.876443761247766,0.6928548183195024,0.30714518168049765,0.24228755907256128,0.7577124409274387,0.2877036540612042,0.2
141,1.0,0.3888888888888888,0.6111111111111112,0.2472749045437001,0.7527250954562998,0.7730793060718713,0.22692069392812875,0.2277110025887123,0.7722889974112876,0.410767002875449,0.6428571428571429
142,1.0,0.4999999999999999,0.5000000000000001,0.5118665242900289,0.4881334757099711,0.7101906846384052,0.2898093153615948,0.17655984821138024,0.8234401517886197,0.6369092420497376,0.2
143,1.0,0.44444444444444436,0.5555555555555556,0.22150858356116668,0.7784914164388334,0.7140973587384395,0.2859026412615605,0.2205030090582921,0.7794969909417079,0.4745116737857056,0.16666666666666666
144,1.0,0.27777777777777773,0.7222222222222223,0.12525112323626156,0.8747488767637385,0.6777726146220572,0.3222273853779428,0.1552079646181163,0.8447920353818836,0.29400270766144665,0.2
145,1.0,0.22222222222222218,0.7777777777777778,0.032499279151642184,0.9675007208483578,0.526781114684711,0.473218885315289,0.08440129329289764,0.9155987067071023,0.2437390339956136,0.6000000000000001
146,1.0,0.44444444444444436,0.5555555555555556,0.31446328452374306,0.6855367154762569,0.785855001976672,0.21414499802332798,0.2813172109133607,0.7186827890866393,0.463360239862134,0.0
147,1.0,0.3888888888888888,0.6111111111111112,0.1557111962851907,0.8442888037148093,0.6759085220302379,0.3240914779697621,0.17821766662174862,0.8217823333782514,0.4183358518950526,0.32142857142857145
148,1.0,0.27777777777777773,0.7222222222222223,0.08063040978634668,0.9193695902136533,0.6890557745669973,0.3109442254330027,0.17750484335352154,0.8224951566464784,0.2821277479908706,0.2
149,1.0,0.27777777777777773,0.7222222222222223,0.22109828322567268,0.7789017167743273,0.5719869838103586,0.4280130161896414,0.13697980446877045,0.8630201955312296,0.3656758396102752,0.4
150,1.0,0.611111111111111,0.38888888888888895,0.5117024604423349,0.4882975395576651,0.8552785504458368,0.14472144955416322,0.33908120641089395,0.6609187935891061,0.6449484910311153,0.27272727272727276
151,1.0,0.4999999999999999,0.5000000000000001,0.43632600207415956,0.5636739979258405,0.8209502469827367,0.17904975301726334,0.3317046231864472,0.6682953768135528,0.5653062440368511,0.3333333333333333
152,1.0,0.4999999999999999,0.5000000000000001,0.6342785618638521,0.3657214381361479,0.7923202262838122,0.20767977371618784,0.22289421826541694,0.777105781734583,0.6220720801544608,0.13333333333333336
153,1.0,0.3888888888888888,0.6111111111111112,0.20676828231078823,0.7932317176892117,0.6796413732779358,0.32035862672206417,0.17970672359423,0.82029327640577,0.4342141947566889,0.10714285714285714
154,1.0,0.22222222222222218,0.7777777777777778,0.0414776964260619,0.9585223035739381,0.5592150387218855,0.4407849612781145,0.10619643936653063,0.8938035606334693,0.2514506287363244,0.6000000000000001
155,1.0,0.5555555555555555,0.44444444444444453,0.326428859986363,0.673571140013637,0.7688659244869986,0.23113407551300136,0.2874502439482499,0.7125497560517501,0.572137382524344,0.05454545454545454
156,1.0,0.27777777777777773,0.7222222222222223,0.19396328069150617,0.8060367193084939,0.6777726146220572,0.3222273853779428,0.15319389757773139,0.8468061024222686,0.3142008510841075,0.0
157,1.0,0.44444444444444436,0.5555555555555556,0.40948075459732075,0.5905192454026793,0.752233573033854,0.24776642696614604,0.20824383365512694,0.7917561663448731,0.48656523223772585,0.3333333333333333
158,1.0,0.16666666666666663,0.8333333333333334,0.017626525538790006,0.98237347446121,0.535890707441112,0.464109292558888,0.08459031725328262,0.9154096827467174,0.18330786521020337,0.0
159,1.0,0.3333333333333333,0.6666666666666667,0.2288964085849349,0.7711035914150651,0.704367950912972,0.295632049087028,0.17078082216841134,0.8292191778315887,0.3737106897018158,0.0
160,1.0,0.1111111111111111,0.8888888888888888,0.08096463226844045,0.9190353677315596,0.5222722233092024,0.4777277766907976,0.06962204362932158,0.9303779563706784,0.15065363830246242,0.0
161,1.0,0.3333333333333333,0.6666666666666667,0.8133855530311048,0.18661444696889518,0.6538970965917839,0.34610290340821614,0.09384751813554593,0.9061524818644541,0.5968950172543253,0.14285714285714285
162,1.0,0.22222222222222218,0.7777777777777778,0.2040197463762289,0.7959802536237711,0.4886852486160939,0.511314751383906,0.0320688919621089,0.9679311080378911,0.39346746490052187,0.6000000000000001
163,1.0,0.3888888888888888,0.6111111111111112,0.6828309985898571,0.3171690014101429,0.5298039675363098,0.47019603246369024,0.042114296745611894,0.9578857032543882,0.6593561495298886,0.10714285714285714
164,1.0,0.22222222222222218,0.7777777777777778,0.12521146193746255,0.8747885380625374,0.4341224536352937,0.5658775463647063,0.025695626512830378,0.9743043734871696,0.3769235308804677,0.30000000000000004
165,1.0,0.27777777777777773,0.7222222222222223,0.44882803856773273,0.5511719614322672,0.6871634206978249,0.3128365793021751,0.11496604769186307,0.885033952308137,0.36918797000427933,0.0
166,1.0,0.3333333333333333,0.6666666666666667,0.494485284672907,0.505514715327093,0.6721942653093034,0.3278057346906966,0.14332499708287352,0.8566750029171265,0.4680968823447666,0.2857142857142857
167,1.0,0.1111111111111111,0.8888888888888888,0.10614934132869906,0.893850658671301,0.5639768652466439,0.4360231347533561,0.07062250716790656,0.9293774928320935,0.1670759780060521,0.0
168,1.0,0.16666666666666663,0.8333333333333334,0.301808078070674,0.698191921929326,0.3899932102678756,0.6100067897321244,0.012890454857102414,0.9871095451428976,0.3261425999013129,0.5
169,1.0,0.3333333333333333,0.6666666666666667,0.6398806276633902,0.36011937233660984,0.6220719128802282,0.37792808711977177,0.0707093052454762,0.9292906947545239,0.5149328389219542,0.2857142857142857
170,1.0,0.22222222222222218,0.7777777777777778,0.38107093813777276,0.6189290618622272,0.3936532065078339,0.606346793492166,0.015697586156632498,0.9843024138433675,0.5293779005703524,0.30000000000000004
171,1.0,0.1111111111111111,0.8888888888888888,0.05082903499363444,0.9491709650063656,0.3839422124682124,0.6160577875317876,0.011761745662083049,0.9882382543379169,0.2023485556784455,1.0
172,1.0,0.27777777777777773,0.7222222222222223,0.29894557273944306,0.701054427260557,0.5313205058891408,0.4686794941108592,0.050089610379354804,0.9499103896206452,0.445349163758521,0.4
173,1.0,0.27777777777777773,0.7222222222222223,0.33709829495259513,0.6629017050474049,0.6066707971912434,0.3933292028087566,0.08271587147461676,0.9172841285253832,0.4374067606028888,0.2
174,1.0,0.1111111111111111,0.8888888888888888,0.04818467342647687,0.9518153265735231,0.3545762045374278,0.6454237954625722,0.01070297908188489,0.9892970209181151,0.20551032312728892,0.0
175,1.0,0.1111111111111111,0.8888888888888888,0.050004826190232374,0.9499951738097676,0.40726549549172475,0.5927345045082753,0.017878065502814715,0.9821219344971853,0.2046558459812327,0.0
176,1.0,0.22222222222222218,0.7777777777777778,0.2877484618161427,0.7122515381838572,0.41863293291140546,0.5813670670885945,0.01762364762736357,0.9823763523726364,0.44542295480259464,0.0
177,1.0,0.055555555555555546,0.9444444444444444,0.00549140675994371,0.9945085932400562,0.3568724592105632,0.6431275407894368,0.010687483074061211,0.9893125169259388,0.10802499620629002,0.0
178,1.0,0.22222222222222218,0.7777777777777778,0.2186206080615127,0.7813793919384873,0.6502915440813132,0.3497084559186868,0.1258881937723,0.8741118062277,0.285675858714482,0.6000000000000001
179,1.0,0.27777777777777773,0.7222222222222223,0.2462826753187677,0.7537173246812323,0.5497893432465925,0.45021065675340755,0.04476424661694775,0.9552357533830522,0.4022869276578808,0.4
180,1.0,0.22222222222222218,0.7777777777777778,0.33327318944753304,0.666726810552467,0.586642116224817,0.413357883775183,0.09839239393174706,0.901607606068253,0.3703952449206296,0.30000000000000004
181,1.0,0.22222222222222218,0.7777777777777778,0.22968328523916395,0.7703167147608361,0.4844282819130218,0.5155717180869782,0.03314328074192524,0.9668567192580748,0.401781518552765,0.0
182,1.0,0.27777777777777773,0.7222222222222223,0.2828800889397115,0.7171199110602885,0.5313205058891408,0.4686794941108592,0.03423765858330943,0.9657623414166906,0.4367324662277512,0.8
183,1.0,0.1111111111111111,0.8888888888888888,0.04674904376261572,0.9532509562373843,0.5237718172270658,0.4762281827729342,0.05028337326195083,0.9497166267380491,0.15151988780935904,0.0
184,1.0,0.3888888888888888,0.6111111111111112,0.6395315958323008,0.3604684041676992,0.586642116224817,0.413357883775183,0.046342867492313373,0.9536571325076866,0.6662238647987682,0.32142857142857145
185,1.0,0.3333333333333333,0.6666666666666667,0.38907169044564033,0.6109283095543596,0.583358725902452,0.41664127409754803,0.06003877174820211,0.9399612282517978,0.5176895387421234,0.2857142857142857
186,1.0,0.22222222222222218,0.7777777777777778,0.45442506210366557,0.5455749378963344,0.5420327813450491,0.45796721865495094,0.05338024511474979,0.9466197548852502,0.4709062117682049,0.0
187,1.0,0.3333333333333333,0.6666666666666667,0.5309072531918105,0.46909274680818946,0.5982563809272418,0.40174361907275824,0.06725906513697526,0.9327409348630248,0.5883635218860269,0.14285714285714285
188,1.0,0.16666666666666663,0.8333333333333334,0.15486331609038795,0.845136683909612,0.5719869838103586,0.4280130161896414,0.094734543204939,0.905265456795061,0.25504446538659264,0.0
189,1.0,0.27777777777777773,0.7222222222222223,0.45141756120529314,0.5485824387947069,0.6947615444506586,0.30523845554934137,0.10740968870274184,0.8925903112972582,0.384045169752497,0.2
190,1.0,0.1111111111111111,0.8888888888888888,0.2530140681024986,0.7469859318975014,0.24359768690623715,0.7564023130937628,0.004198148517958218,0.9958018514820418,0.3409343892547961,0.0
191,1.0,0.1111111111111111,0.8888888888888888,0.029390516687998153,0.9706094833120018,0.47043695970270893,0.5295630402972911,0.046373796898171026,0.953626203101829,0.14503512154460824,0.0
192,1.0,0.1111111111111111,0.8888888888888888,0.01427105498136024,0.9857289450186397,0.548230947248109,0.45176905275189105,0.10927536102146451,0.8907246389785355,0.12184928611054782,0.0
193,1.0,0.055555555555555546,0.9444444444444444,0.1756707951897023,0.8243292048102977,0.3545762045374278,0.6454237954625722,0.03530297063085271,0.9646970293691473,0.18670552570495955,0.0
194,1.0,0.1111111111111111,0.8888888888888888,0.09591018936410127,0.9040898106358988,0.4446666562096425,0.5553333437903575,0.04030782525848443,0.9596921747415156,0.19305262562228695,0.0
195,1.0,0.27777777777777773,0.7222222222222223,0.20081186009079938,0.7991881399092007,0.6648209824506449,0.3351790175493551,0.15387053215647353,0.8461294678435265,0.3285578515995394,0.2
196,1.0,0.055555555555555546,0.9444444444444444,0.01441773759079979,0.9855822624092002,0.454039903237743,0.545960096762257,0.030253359737747086,0.9697466402622529,0.08124682541094165,0.0
197,1.0,0.0,1.0,0.0,1.0,0.05273803348606667,0.9472619665139334,0.00025932317514875053,0.9997406768248512,0.0811543219953817,0.0
198,1.0,0.1111111111111111,0.8888888888888888,0.10319831628434167,0.8968016837156583,0.4732110751528227,0.5267889248471773,0.042306116596336214,0.9576938834036638,0.18672206290641805,0.0
199,1.0,0.1111111111111111,0.8888888888888888,0.18528804505197555,0.8147119549480244,0.16615501787461606,0.8338449821253839,0.001559691591986815,0.9984403084080132,0.3527265134379534,0.0
200,1.0,0.0,1.0,0.0,1.0,0.4406917912013311,0.5593082087986689,0.05790957113675571,0.9420904288632443,0.004582773220496631,0.0
201,1.0,0.0,1.0,0.0,1.0,0.3626527255351963,0.6373472744648037,0.021094652425706156,0.9789053475742938,0.012700225084737367,0.0
202,1.0,0.0,1.0,0.0,1.0,0.270553114791033,0.729446885208967,0.009517291558487542,0.9904827084415124,0.03360922028242177,0.0
203,1.0,0.0,1.0,0.0,1.0,0.15106691850835932,0.8489330814916407,0.001389556021299212,0.9986104439787008,0.06063627174288845,0.0
204,1.0,0.0,1.0,0.0,1.0,0.16696218939542165,0.8330378106045784,0.0015788607513500036,0.99842113924865,0.046363930962359225,0.0
205,1.0,0.0,1.0,0.0,1.0,0.261740429492616,0.738259570507384,0.013309890832225994,0.986690109167774,0.018967551825544347,0.0
206,1.0,0.0,1.0,0.0,1.0,0.270553114791033,0.729446885208967,0.00440155579323775,0.9955984442067622,0.03360156755918888,0.0
207,1.0,0.0,1.0,0.0,1.0,0.42503998630879075,0.5749600136912092,0.06873376065794944,0.9312662393420506,0.0027189189458231983,0.0
208,1.0,0.0,1.0,0.0,1.0,0.24359768690623715,0.7564023130937628,0.005093230950716076,0.9949067690492839,0.05069608464650948,0.0
209,1.0,0.0,1.0,0.0,1.0,0.40851819123651656,0.5914818087634834,0.058229627170795446,0.9417703728292045,0.0041560303644092265,0.0
210,1.0,0.0,1.0,0.0,1.0,0.31046906953413056,0.6895309304658694,0.009070594244414955,0.9909294057555851,0.037158902286544775,0.0
211,1.0,0.0,1.0,0.0,1.0,0.3899932102678756,0.6100067897321244,0.021754068320015522,0.9782459316799845,0.013082493163577276,0.0
212,1.0,0.0,1.0,0.0,1.0,0.21084624654547623,0.7891537534545238,0.002998624928590272,0.9970013750714097,0.037531497679026415,0.0
213,1.0,0.0,1.0,0.0,1.0,0.2775077631565522,0.7224922368434479,0.006457323591400936,0.9935426764085991,0.03612293499180002,0.0
214,1.0,0.0,1.0,0.0,1.0,0.38034068765171614,0.6196593123482839,0.05128507615855449,0.9487149238414455,0.004267802103818746,0.0
215,1.0,0.0,1.0,0.0,1.0,0.3432285638394408,0.6567714361605592,0.017200051977108465,0.9827999480228915,0.014343651924691904,0.0
216,1.0,0.0,1.0,0.0,1.0,0.39980284413719747,0.6001971558628025,0.05232505487566083,0.9476749451243391,0.005266671041336304,0.0
217,1.0,0.0,1.0,0.0,1.0,0.2775077631565522,0.7224922368434479,0.006457323591400925,0.9935426764085991,0.03612293499180002,0.0
218,1.0,0.0,1.0,0.0,1.0,0.36498082489677774,0.6350191751032223,0.023990007930278313,0.9760099920697217,0.009704607791884217,0.0
219,1.0,0.0,1.0,0.0,1.0,0.20820816994400967,0.7917918300559903,0.0031042222218353017,0.9968957777781647,0.038944886799890624,0.0
220,1.0,0.0,1.0,0.0,1.0,0.43543081803849815,0.5645691819615019,0.05994975293632493,0.9400502470636751,0.003730421766782453,0.0
221,1.0,0.0,1.0,0.0,1.0,0.5030787453052896,0.4969212546947104,0.09813262760677399,0.901867372393226,0.0,0.0
222,1.0,0.0,1.0,0.0,1.0,0.33986707220907963,0.6601329277909204,0.012018932332840057,0.98798106766716,0.01753946524717183,0.0
223,1.0,0.0,1.0,0.0,1.0,0.4160886061395776,0.5839113938604223,0.0469033466196775,0.9530966533803225,0.004401181652499172,0.0
224,1.0,0.0,1.0,0.0,1.0,0.4060153614969223,0.5939846385030777,0.03244859943613531,0.9675514005638647,0.008257397093583575,0.0
225,1.0,0.0,1.0,0.0,1.0,0.2735228103230733,0.7264771896769266,0.013233305757480952,0.9867666942425191,0.02130167450666155,0.0
226,1.0,0.0,1.0,0.0,1.0,0.3466096750707574,0.6533903249292425,0.019587435670845203,0.9804125643291548,0.008355541879990732,0.0
227,1.0,0.0,1.0,0.0,1.0,0.402280251671473,0.597719748328527,0.038612665441008165,0.9613873345589918,0.007281852497921391,0.0
228,1.0,0.0,1.0,0.0,1.0,0.3190224189811138,0.6809775810188863,0.015678795476782866,0.9843212045232171,0.012923879009539967,0.0
229,1.0,0.0,1.0,0.0,1.0,0.46355364861530146,0.5364463513846985,0.05468318976276159,0.9453168102372385,0.0033285961053169067,0.0
230,1.0,0.0,1.0,0.0,1.0,0.0,1.0,0.0,1.0,0.08449542384728817,0.0
231,1.0,0.0,1.0,0.0,1.0,0.39243074062519184,0.6075692593748081,0.02321411176607645,0.9767858882339235,0.011826596698657856,0.0
232,1.0,0.0,1.0,0.0,1.0,0.1259351048694296,0.8740648951305704,0.0033164893366858343,0.9966835106633142,0.0812988639569278,0.0
233,1.0,0.0,1.0,0.0,1.0,0.3009994325354086,0.6990005674645914,0.014400658131410133,0.9855993418685899,0.01143199304394985,0.0
234,1.0,0.0,1.0,0.0,1.0,0.4160886061395776,0.5839113938604223,0.07610269133715492,0.923897308662845,0.0011209177216042494,0.0
235,1.0,0.0,1.0,0.0,1.0,0.4060153614969223,0.5939846385030777,0.06344881148735194,0.9365511885126481,0.002883031525980114,0.0
236,1.0,0.0,1.0,0.0,1.0,0.41482037322756476,0.5851796267724352,0.04513803242876355,0.9548619675712364,0.007009118576751488,0.0
237,1.0,0.0,1.0,0.0,1.0,0.3332022686111906,0.6667977313888094,0.03382021530195312,0.9661797846980469,0.009893581749580577,0.0
238,1.0,0.0,1.0,0.0,1.0,0.35917774536717206,0.6408222546328279,0.029143852152959112,0.9708561478470409,0.010622722852034432,0.0
239,1.0,0.0,1.0,0.0,1.0,0.42503998630879075,0.5749600136912092,0.04839297932931387,0.9516070206706861,0.005439095596398623,0.0
240,1.0,0.0,1.0,0.0,1.0,0.24359768690623715,0.7564023130937628,0.005093230950716068,0.9949067690492839,0.05069608464650948,0.0
241,1.0,0.0,1.0,0.0,1.0,0.4211877951978162,0.5788122048021838,0.07400709011725003,0.92599290988275,0.001650718422768967,0.0
242,1.0,0.0,1.0,0.0,1.0,0.41990904302964377,0.5800909569703563,0.04592130342827172,0.9540786965717283,0.0046334199843910025,0.0
243,1.0,0.0,1.0,0.0,1.0,0.366148328730924,0.633851671269076,0.04143881758024271,0.9585611824197573,0.006963548871066771,0.0
244,1.0,0.0,1.0,0.0,1.0,0.39733549714113203,0.602664502858868,0.03495852720825768,0.9650414727917423,0.009262695483858727,0.0
245,1.0,0.0,1.0,0.0,1.0,0.4122917279559253,0.5877082720440747,0.029576191449066105,0.9704238085509339,0.009820530493063015,0.0
246,1.0,0.0,1.0,0.0,1.0,0.34210589512309936,0.6578941048769007,0.03061417994592239,0.9693858200540776,0.00889837424462855,0.0
247,1.0,0.0,1.0,0.0,1.0,0.328801625622546,0.671198374377454,0.03976740732720529,0.9602325926727947,0.007826909563653147,0.0
248,1.0,0.0,1.0,0.0,1.0,0.21973889644123462,0.7802611035587654,0.00525638797375178,0.9947436120262482,0.032397993164902814,0.0
249,1.0,0.0,1.0,0.0,1.0,0.15106691850835932,0.8489330814916407,0.0013895560212992047,0.9986104439787008,0.06063627174288845,0.0
