"node_id","weight","deg_centrality","r_degree","betweenness","r_betweenness","closeness","r_closeness","eigenvector","r_eigenvector","pagerank","ccf"
0,1.0,0.5555555555555555,0.44444444444444453,0.2547473760561257,0.7452526239438744,0.798986936816849,0.20101306318315104,0.5108188363599614,0.4891811636400386,0.562386964462494,0.27272727272727276
1,1.0,0.6666666666666665,0.3333333333333335,0.17339825272312162,0.8266017472768784,0.8152451882094307,0.1847548117905693,0.7390030882267336,0.26099691177326645,0.6262845280764189,0.3461538461538462
2,1.0,0.44444444444444436,0.5555555555555556,0.17307623267754024,0.8269237673224598,0.776297335203366,0.22370266479663403,0.4267370722944337,0.5732629277055663,0.43610797151396624,0.08333333333333333
3,1.0,0.8333333333333331,0.16666666666666685,0.2850057684826291,0.714994231517371,0.8886651996816332,0.11133480031836684,0.7949230093162346,0.2050769906837654,0.790210371104496,0.17500000000000002
4,1.0,0.6666666666666665,0.3333333333333335,0.3926452136963259,0.6073547863036741,0.8270534020059637,0.17294659799403633,0.6689765366685635,0.3310234633314365,0.6957994435256752,0.3846153846153846
5,1.0,0.7777777777777777,0.22222222222222232,0.5302829519953806,0.46971704800461944,0.9278261701923998,0.07217382980760023,0.7365033928294419,0.2634966071705581,0.7746929677840463,0.08571428571428572
6,1.0,0.44444444444444436,0.5555555555555556,0.2435478043357931,0.756452195664207,0.810567759831775,0.18943224016822502,0.4555650453722167,0.5444349546277834,0.4430999882353048,0.16666666666666666
7,1.0,0.3888888888888888,0.6111111111111112,0.15762275726646602,0.842377242733534,0.75204041974349,0.24795958025651,0.45723922133900796,0.542760778660992,0.42284925068773377,0.21428571428571427
8,1.0,0.3888888888888888,0.6111111111111112,0.06456984277736387,0.9354301572226361,0.7629771324232677,0.2370228675767323,0.4561552063691989,0.5438447936308011,0.36824106237853915,0.5357142857142858
9,1.0,0.3888888888888888,0.6111111111111112,0.06174136192208591,0.9382586380779141,0.7477066195787933,0.25229338042120675,0.45474644604201364,0.5452535539579864,0.3648090329674627,0.21428571428571427
10,1.0,0.7777777777777777,0.22222222222222232,0.43274232380926747,0.5672576761907325,0.8294349183368774,0.17056508166312256,0.6122371298864436,0.38776287011355637,0.8291743585050045,0.17142857142857143
11,1.0,0.6666666666666665,0.3333333333333335,0.17025023942079878,0.8297497605792012,0.8487302676733014,0.1512697323266986,0.7445854393049598,0.2554145606950402,0.6281877749379524,0.11538461538461539
12,1.0,0.3333333333333333,0.6666666666666667,0.056649544613262756,0.9433504553867372,0.7348429822687459,0.2651570177312541,0.38981664058650717,0.6101833594134929,0.30796244319897714,0.14285714285714285
13,1.0,0.611111111111111,0.38888888888888895,0.16964596566664714,0.8303540343333529,0.8438654925400375,0.1561345074599625,0.6674663240620604,0.3325336759379396,0.5739845244600987,0.40909090909090906
14,1.0,0.6666666666666665,0.3333333333333335,0.26760369391556094,0.7323963060844391,0.8861150070126229,0.11388499298737709,0.7215763533198859,0.2784236466801141,0.6376712801176879,0.3846153846153846
15,1.0,0.27777777777777773,0.7222222222222223,0.08379674116595767,0.9162032588340423,0.6853699946167543,0.3146300053832457,0.3137348359248476,0.6862651640751525,0.2793182890386849,0.6000000000000001
16,1.0,0.6666666666666665,0.3333333333333335,0.17621856526074162,0.8237814347392584,0.8487302676733014,0.1512697323266986,0.7477206971647076,0.25227930283529243,0.6181919056370347,0.3461538461538462
17,1.0,1.0,0.0,0.7212385630954454,0.27876143690455457,0.9604327063639021,0.0395672936360979,0.870863762057701,0.129136237942299,1.0,0.22807017543859648
18,1.0,0.611111111111111,0.38888888888888895,0.12439801032281401,0.8756019896771859,0.8342180481829319,0.16578195181706812,0.743463150174575,0.256536849825425,0.5643709681449594,0.40909090909090906
19,1.0,0.6666666666666665,0.3333333333333335,0.326843491203728,0.673156508796272,0.8059162093427922,0.19408379065720782,0.6060484922919541,0.3939515077080459,0.7245988535471445,0.1923076923076923
20,1.0,0.27777777777777773,0.7222222222222223,0.12601217928996844,0.8739878207100316,0.6184512958706507,0.38154870412934927,0.2847468942590219,0.7152531057409781,0.30413909518527416,0.2
21,1.0,0.5555555555555555,0.44444444444444453,0.09474776054391236,0.9052522394560877,0.7651821862348179,0.23481781376518207,0.5643990853590931,0.4356009146409069,0.51881606833399,0.4909090909090909
22,1.0,0.7222222222222221,0.2777777777777779,0.2808153626686346,0.7191846373313654,0.8129032258064516,0.18709677419354842,0.6768762542701747,0.3231237457298253,0.7273773996289392,0.2967032967032967
23,1.0,0.7777777777777777,0.22222222222222232,0.268319752316258,0.7316802476837421,0.8610138248847926,0.1389861751152074,0.7654231919626499,0.23457680803735015,0.7434524574643007,0.4
24,1.0,0.6666666666666665,0.3333333333333335,0.20272279328842785,0.7972772067115721,0.776297335203366,0.22370266479663403,0.7154600820006172,0.28453991799938283,0.6372463128601509,0.3461538461538462
25,1.0,0.44444444444444436,0.5555555555555556,0.1293908765459273,0.8706091234540727,0.7369727047146402,0.26302729528535984,0.44987922813196796,0.5501207718680321,0.4203635922470621,0.3333333333333333
26,1.0,0.611111111111111,0.38888888888888895,0.20355704360936874,0.7964429563906312,0.8223103261848981,0.17768967381510192,0.6328059083967822,0.3671940916032178,0.6032127422655245,0.31818181818181823
27,1.0,0.611111111111111,0.38888888888888895,0.19097153543497783,0.8090284645650222,0.8152451882094307,0.1847548117905693,0.6123826126262244,0.3876173873737756,0.5844511778424495,0.4545454545454546
28,1.0,0.611111111111111,0.38888888888888895,0.14751339444335915,0.8524866055566409,0.810567759831775,0.18943224016822502,0.5897815166135238,0.41021848338647615,0.5744233963125891,0.27272727272727276
29,1.0,0.27777777777777773,0.7222222222222223,0.1513229886889455,0.8486770113110544,0.667594563615523,0.33240543638447695,0.2883483659438896,0.7116516340561104,0.29719553359852796,0.4
30,1.0,0.5555555555555555,0.44444444444444453,0.16469524855121956,0.8353047514487805,0.8129032258064516,0.18709677419354842,0.6352066886196822,0.3647933113803178,0.5193355605079613,0.43636363636363634
31,1.0,0.27777777777777773,0.7222222222222223,0.023607762625990566,0.9763922373740095,0.623960860745396,0.37603913925460397,0.2588378581629294,0.7411621418370706,0.259846646104269,0.0
32,1.0,0.4999999999999999,0.5000000000000001,0.09218372504733531,0.9078162749526647,0.7242784380305604,0.27572156196943964,0.44911457388897763,0.5508854261110223,0.4730869018241866,0.3333333333333333
33,1.0,0.8333333333333331,0.16666666666666685,1.0,0.0,1.0,0.0,0.8101333851737335,0.18986661482626654,0.8675248024277185,0.17500000000000002
34,1.0,0.611111111111111,0.38888888888888895,0.2242990253690054,0.7757009746309946,0.7966898877401607,0.2033101122598393,0.5767570869520701,0.42324291304792994,0.5933059471497953,0.18181818181818182
35,1.0,0.7777777777777777,0.22222222222222232,0.41378823016873056,0.5862117698312694,0.8560794044665013,0.14392059553349867,0.6996829977335307,0.3003170022664693,0.8173521263604582,0.2571428571428572
36,1.0,0.7222222222222221,0.2777777777777779,0.14203995513735576,0.8579600448626442,0.8560794044665013,0.14392059553349867,0.8428875724156971,0.15711242758430288,0.6586249611309531,0.3626373626373627
37,1.0,0.3333333333333333,0.6666666666666667,0.0334799877698209,0.9665200122301791,0.6813844946511917,0.31861550534880834,0.40410606349853156,0.5958939365014684,0.31442482111298986,0.5714285714285714
38,1.0,0.8888888888888888,0.11111111111111116,0.48976216081886825,0.5102378391811317,0.9885216702948745,0.011478329705125523,1.0,0.0,0.8383258906148056,0.24264705882352944
39,1.0,0.611111111111111,0.38888888888888895,0.1276571928373206,0.8723428071626794,0.8414434117003828,0.15855658829961716,0.6260396864111336,0.3739603135888664,0.5644474582988175,0.2272727272727273
40,1.0,0.44444444444444436,0.5555555555555556,0.08524037553015162,0.9147596244698484,0.7898365002209456,0.21016349977905435,0.5173283123535614,0.48267168764643864,0.411146315485216,0.25
41,1.0,0.611111111111111,0.38888888888888895,0.10906083643149331,0.8909391635685067,0.810567759831775,0.18943224016822502,0.6429521884758046,0.3570478115241954,0.5697505112874727,0.40909090909090906
42,1.0,0.6666666666666665,0.3333333333333335,0.2531353154705749,0.7468646845294251,0.88357219550908,0.11642780449092005,0.7665170402372222,0.23348295976277778,0.6684006926930217,0.3846153846153846
43,1.0,0.611111111111111,0.38888888888888895,0.2414396056211531,0.7585603943788469,0.810567759831775,0.18943224016822502,0.6552057064603861,0.3447942935396139,0.6321997456602495,0.36363636363636365
44,1.0,0.611111111111111,0.38888888888888895,0.24995225504483243,0.7500477449551676,0.8963603874729615,0.10363961252703846,0.7575326552245516,0.2424673447754484,0.5908299323651702,0.4545454545454546
45,1.0,0.4999999999999999,0.5000000000000001,0.36070575089575324,0.6392942491042468,0.8199487110271293,0.1800512889728707,0.4460572241592182,0.5539427758407818,0.5439322757075553,0.2
46,1.0,0.4999999999999999,0.5000000000000001,0.0670786282551424,0.9329213717448576,0.776297335203366,0.22370266479663403,0.6149417300977151,0.38505826990228487,0.45448679026330213,0.3333333333333333
47,1.0,0.44444444444444436,0.5555555555555556,0.06574813085729597,0.934251869142704,0.7585848074921956,0.2414151925078044,0.5069383245705964,0.4930616754294036,0.4133029778179779,0.5
48,1.0,0.3888888888888888,0.6111111111111112,0.0662583030629442,0.9337416969370558,0.6559681482083367,0.3440318517916633,0.332791310795939,0.667208689204061,0.37191596200894816,0.21428571428571427
49,1.0,0.4999999999999999,0.5000000000000001,0.08775266856640493,0.912247331433595,0.783039211371738,0.21696078862826196,0.5766429901347676,0.4233570098652324,0.46760955403789906,0.6000000000000001
50,1.0,0.611111111111111,0.38888888888888895,0.3410058645049908,0.6589941354950092,0.8012903225806451,0.19870967741935486,0.47862122257330214,0.5213787774266978,0.6786335868978793,0.09090909090909091
51,1.0,0.8888888888888888,0.11111111111111116,0.5849233522842492,0.4150766477157508,0.8937878574447107,0.10621214255528932,0.7181914927472998,0.28180850725270024,0.9455083694610836,0.22058823529411767
52,1.0,0.6666666666666665,0.3333333333333335,0.205489111108225,0.794510888891775,0.8810367331717323,0.11896326682826774,0.8008361629103632,0.1991638370896368,0.616965541019348,0.3076923076923077
53,1.0,0.6666666666666665,0.3333333333333335,0.2777961687224816,0.7222038312775184,0.8414434117003828,0.15855658829961716,0.6572878350720532,0.34271216492794676,0.6820946015987287,0.3076923076923077
54,1.0,0.8333333333333331,0.16666666666666685,0.36811825619454663,0.6318817438054534,0.8810367331717323,0.11896326682826774,0.8449834505197412,0.15501654948025878,0.8354813657581316,0.30000000000000004
55,1.0,0.44444444444444436,0.5555555555555556,0.1522351946563387,0.8477648053436613,0.7433959022378763,0.2566040977621237,0.3499349018228066,0.6500650981771934,0.44847283599362425,0.16666666666666666
56,1.0,0.44444444444444436,0.5555555555555556,0.19687723656915906,0.8031227634308409,0.774062240119053,0.225937759880947,0.4454622335806437,0.5545377664193563,0.4807649269898365,0.5
57,1.0,0.44444444444444436,0.5555555555555556,0.05314966622222049,0.9468503337777795,0.7477066195787933,0.25229338042120675,0.5863922824044434,0.4136077175955566,0.41068973988203683,0.5833333333333334
58,1.0,0.3333333333333333,0.6666666666666667,0.09028821562286139,0.9097117843771386,0.75204041974349,0.24795958025651,0.39450213587772004,0.6054978641222799,0.32596834072042363,0.2857142857142857
59,1.0,0.7222222222222221,0.2777777777777779,0.264215769270601,0.735784230729399,0.870967741935484,0.12903225806451601,0.8285157840450436,0.17148421595495644,0.7151302869888373,0.23076923076923078
60,1.0,0.8888888888888888,0.11111111111111116,0.36666038221829733,0.6333396177817027,0.9331797235023043,0.06682027649769573,0.9218461230237174,0.07815387697628262,0.8391241648396861,0.22058823529411767
61,1.0,0.8888888888888888,0.11111111111111116,0.4650901338672101,0.5349098661327899,0.9331797235023043,0.06682027649769573,0.8401112256379736,0.15988877436202642,0.8593599692436273,0.24264705882352944
62,1.0,0.44444444444444436,0.5555555555555556,0.1107768756388812,0.8892231243611188,0.7433959022378763,0.2566040977621237,0.43179590040523397,0.568204099594766,0.43280161115937105,0.3333333333333333
63,1.0,0.7777777777777777,0.22222222222222232,0.2292489613238518,0.7707510386761482,0.870967741935484,0.12903225806451601,0.8178904004103489,0.18210959958965112,0.7319028260660575,0.34285714285714286
64,1.0,0.7222222222222221,0.2777777777777779,0.2909060075747594,0.7090939924252406,0.8861150070126229,0.11388499298737709,0.8318848191057637,0.16811518089423627,0.728189156953108,0.23076923076923078
65,1.0,0.611111111111111,0.38888888888888895,0.2875365574748604,0.7124634425251396,0.8610138248847926,0.1389861751152074,0.645315196304444,0.354684803695556,0.6043889390958876,0.31818181818181823
66,1.0,0.3333333333333333,0.6666666666666667,0.028035385554256793,0.9719646144457432,0.6954238559639911,0.30457614403600886,0.4267185443175211,0.5732814556824789,0.298790869656643,0.8571428571428571
67,1.0,0.5555555555555555,0.44444444444444453,0.14702159596792785,0.8529784040320721,0.8012903225806451,0.19870967741935486,0.570768672480809,0.429231327519191,0.5370704862989122,0.21818181818181817
68,1.0,0.611111111111111,0.38888888888888895,0.13622446634492852,0.8637755336550714,0.870967741935484,0.12903225806451601,0.6951775002591819,0.3048224997408181,0.5683819599123902,0.36363636363636365
69,1.0,0.6666666666666665,0.3333333333333335,0.33079823672083386,0.6692017632791661,0.9093363649282366,0.09066363507176345,0.6257215190848942,0.37427848091510585,0.6466554416019665,0.15384615384615385
70,1.0,0.22222222222222218,0.7777777777777778,0.02644844091388993,0.97355155908611,0.5536939464008187,0.4463060535991813,0.11962119603623865,0.8803788039637613,0.23273417830932575,0.30000000000000004
71,1.0,0.27777777777777773,0.7222222222222223,0.27926443029028397,0.720735569709716,0.722182188122589,0.27781781187741095,0.18510615210727707,0.8148938478927229,0.3757797960572102,0.2
72,1.0,0.16666666666666663,0.8333333333333334,0.021040352479597374,0.9789596475204027,0.4897360703812317,0.5102639296187683,0.08322252272276667,0.9167774772772334,0.18988731914357157,0.5
73,1.0,0.44444444444444436,0.5555555555555556,0.12081370618383248,0.8791862938161675,0.6873704287254333,0.3126295712745667,0.28735237370963546,0.7126476262903645,0.45942519688874484,0.4166666666666667
74,1.0,0.4999999999999999,0.5000000000000001,0.20969573032685185,0.7903042696731482,0.7327188940092166,0.26728110599078336,0.36261814716047797,0.6373818528395221,0.5460151627798775,0.2
75,1.0,0.3888888888888888,0.6111111111111112,0.08108226431801661,0.9189177356819834,0.6464128547781501,0.35358714522184986,0.19974674227098357,0.8002532577290165,0.40241949786212533,0.21428571428571427
76,1.0,0.3888888888888888,0.6111111111111112,0.08704508722559298,0.912954912774407,0.6715094804235409,0.32849051957645914,0.2603908311951744,0.7396091688048256,0.4036171815055342,0.21428571428571427
77,1.0,0.27777777777777773,0.7222222222222223,0.07597191540451315,0.9240280845954869,0.7159263637899004,0.2840736362100996,0.27234650026463597,0.7276534997353641,0.26629644889372767,0.2
78,1.0,0.44444444444444436,0.5555555555555556,0.14144810689244727,0.8585518931075528,0.722182188122589,0.27781781187741095,0.3380227187649376,0.6619772812350624,0.4452081006979085,0.25
79,1.0,0.3333333333333333,0.6666666666666667,0.09272878796812278,0.9072712120318772,0.6388542963885431,0.3611457036114569,0.19916952379321473,0.8008304762067853,0.3526745736911201,0.14285714285714285
80,1.0,0.3333333333333333,0.6666666666666667,0.20304566363535786,0.7969543363646421,0.722182188122589,0.27781781187741095,0.15728472376751307,0.842715276232487,0.3910871856172165,0.0
81,1.0,0.22222222222222218,0.7777777777777778,0.07357447294274985,0.9264255270572501,0.6276566051277963,0.3723433948722037,0.1466602104193982,0.8533397895806019,0.23743193061095474,0.0
82,1.0,0.4999999999999999,0.5000000000000001,0.15443650325358124,0.8455634967464187,0.7477066195787933,0.25229338042120675,0.2939172567190887,0.7060827432809114,0.5013957575832825,0.2666666666666667
83,1.0,0.4999999999999999,0.5000000000000001,0.1380438418573321,0.8619561581426679,0.7966898877401607,0.2033101122598393,0.4306025714551512,0.5693974285448489,0.48407971532640903,0.13333333333333336
84,1.0,0.44444444444444436,0.5555555555555556,0.2720988398275354,0.7279011601724645,0.7097194768053162,0.2902805231946838,0.2624639282706918,0.7375360717293082,0.5380053550166418,0.16666666666666666
85,1.0,0.8333333333333331,0.16666666666666685,0.45914369345257977,0.5408563065474202,0.8937878574447107,0.10621214255528932,0.6752744091461982,0.3247255908538018,0.8730446235730881,0.15000000000000002
86,1.0,0.16666666666666663,0.8333333333333334,0.01699363215314403,0.983006367846856,0.5706340378197999,0.42936596218020007,0.1723295068717626,0.8276704931282374,0.16280462757605427,0.0
87,1.0,0.3333333333333333,0.6666666666666667,0.21675370043882836,0.7832462995611716,0.5757949033797829,0.4242050966202171,0.12841321240860423,0.8715867875913957,0.4539573248477063,0.0
88,1.0,0.44444444444444436,0.5555555555555556,0.0816144766709901,0.9183855233290099,0.6754443712969059,0.32455562870309407,0.2941262848958982,0.7058737151041018,0.4391896499323131,0.25
89,1.0,0.5555555555555555,0.44444444444444453,0.2712033559424826,0.7287966440575173,0.794399149237859,0.20560085076214096,0.33642867992757847,0.6635713200724216,0.5865197727257193,0.21818181818181817
90,1.0,0.611111111111111,0.38888888888888895,0.26221791416161483,0.7377820858383852,0.7629771324232677,0.2370228675767323,0.37398307805076786,0.6260169219492322,0.6225000122637611,0.09090909090909091
91,1.0,0.611111111111111,0.38888888888888895,0.798648317768927,0.20135168223107303,0.870967741935484,0.12903225806451601,0.4612277372657314,0.5387722627342686,0.6858827555112493,0.045454545454545456
92,1.0,0.3333333333333333,0.6666666666666667,0.07589260879854058,0.9241073912014595,0.7284875308536898,0.2715124691463102,0.2957034612646432,0.7042965387353568,0.3249755006120408,0.5714285714285714
93,1.0,0.3888888888888888,0.6111111111111112,0.17744004119025134,0.8225599588097486,0.6873704287254333,0.3126295712745667,0.1783901551102517,0.8216098448897483,0.4280817566244053,0.32142857142857145
94,1.0,0.22222222222222218,0.7777777777777778,0.14321394434343157,0.8567860556565684,0.5503535907423515,0.44964640925764854,0.11523974400967432,0.8847602559903257,0.3074188283555142,0.6000000000000001
95,1.0,0.22222222222222218,0.7777777777777778,0.020325371509432116,0.9796746284905679,0.5503535907423515,0.44964640925764854,0.12783455126767682,0.8721654487323232,0.22399332693937363,0.0
96,1.0,0.6666666666666665,0.3333333333333335,0.32063450635057034,0.6793654936494297,0.8511730205278593,0.14882697947214074,0.5706198403361515,0.42938015966384846,0.6968337232728586,0.15384615384615385
97,1.0,0.3888888888888888,0.6111111111111112,0.18279481811156323,0.8172051818884367,0.6464128547781501,0.35358714522184986,0.1951332234730086,0.8048667765269915,0.45923173141865326,0.21428571428571427
98,1.0,0.44444444444444436,0.5555555555555556,0.11696376588159281,0.8830362341184071,0.7056084567305676,0.2943915432694324,0.3082752428348302,0.6917247571651698,0.44303585114761135,0.08333333333333333
99,1.0,0.27777777777777773,0.7222222222222223,0.039262175434547845,0.9607378245654522,0.6148007590132829,0.3851992409867171,0.1927597344733373,0.8072402655266627,0.29079130136980613,0.6000000000000001
100,1.0,0.44444444444444436,0.5555555555555556,0.07844634250186588,0.9215536574981341,0.6407368675086477,0.35926313249135233,0.23890744603333833,0.7610925539666616,0.4516733236162567,0.3333333333333333
101,1.0,0.4999999999999999,0.5000000000000001,0.1627797592816315,0.8372202407183685,0.7651821862348179,0.23481781376518207,0.3260306184819271,0.673969381518073,0.5049376790468556,0.3333333333333333
102,1.0,0.5555555555555555,0.44444444444444453,0.29280124250909406,0.707198757490906,0.7542160339012367,0.2457839660987633,0.3663779324730661,0.633622067526934,0.6218693255512011,0.16363636363636364
103,1.0,0.3888888888888888,0.6111111111111112,0.14421635798202698,0.855783642017973,0.7015187649052342,0.29848123509476576,0.2727185089064422,0.7272814910935578,0.4072589995551835,0.10714285714285714
104,1.0,0.611111111111111,0.38888888888888895,0.22836172977335528,0.7716382702266447,0.7369727047146402,0.26302729528535984,0.3366836661323535,0.6633163338676464,0.6462710938258206,0.2272727272727273
105,1.0,0.6666666666666665,0.3333333333333335,0.2928742252657271,0.707125774734273,0.7966898877401607,0.2033101122598393,0.3955757426903197,0.6044242573096803,0.690014968993684,0.2692307692307693
106,1.0,0.22222222222222218,0.7777777777777778,0.023411977131767275,0.9765880228682328,0.6559681482083367,0.3440318517916633,0.23668411333573228,0.7633158866642678,0.21080871398953577,0.0
107,1.0,0.4999999999999999,0.5000000000000001,0.1324861586924195,0.8675138413075805,0.7284875308536898,0.2715124691463102,0.29278569791502135,0.7072143020849786,0.4938734946888,0.2666666666666667
108,1.0,0.44444444444444436,0.5555555555555556,0.24969420747451793,0.7503057925254821,0.6954238559639911,0.30457614403600886,0.18907604178860712,0.8109239582113928,0.5303854521405582,0.25
109,1.0,0.3333333333333333,0.6666666666666667,0.055737159180897826,0.9442628408191022,0.6388542963885431,0.3611457036114569,0.19368264154121848,0.8063173584587815,0.3400822408881878,0.2857142857142857
110,1.0,0.27777777777777773,0.7222222222222223,0.03667113178167803,0.963328868218322,0.5915016148488267,0.4084983851511733,0.1761231384535907,0.8238768615464093,0.28769121766278866,0.4
111,1.0,0.4999999999999999,0.5000000000000001,0.09869479474624089,0.9013052052537591,0.7477066195787933,0.25229338042120675,0.3654748904139088,0.6345251095860912,0.4866368900325247,0.2666666666666667
112,1.0,0.3888888888888888,0.6111111111111112,0.1741929836258354,0.8258070163741646,0.657893666354798,0.34210633364520204,0.24987008939544908,0.7501299106045509,0.4469744208521952,0.21428571428571427
113,1.0,0.1111111111111111,0.8888888888888888,0.011420909387895811,0.9885790906121041,0.5604219827093728,0.4395780172906272,0.11666520880634874,0.8833347911936512,0.11249506373618069,0.0
114,1.0,0.5555555555555555,0.44444444444444453,0.15882532496609592,0.8411746750339041,0.7966898877401607,0.2033101122598393,0.4537857416815549,0.5462142583184451,0.5497802359980207,0.21818181818181817
115,1.0,0.16666666666666663,0.8333333333333334,0.010886658357677713,0.9891133416423223,0.5387846961740435,0.46121530382595655,0.12533784793653155,0.8746621520634684,0.17911674219710974,1.0
116,1.0,0.4999999999999999,0.5000000000000001,0.1508819706803393,0.8491180293196607,0.7348429822687459,0.2651570177312541,0.2646468999327835,0.7353531000672164,0.5160407038381933,0.13333333333333336
117,1.0,0.7777777777777777,0.22222222222222232,0.4214563108544661,0.5785436891455339,0.935868467862122,0.06413153213787803,0.6627850085713526,0.3372149914286474,0.7677603760882806,0.1142857142857143
118,1.0,0.16666666666666663,0.8333333333333334,0.021520716497153758,0.9784792835028462,0.5604219827093728,0.4395780172906272,0.10814600714742532,0.8918539928525747,0.17386507147520822,0.0
119,1.0,0.3333333333333333,0.6666666666666667,0.060389343708967966,0.939610656291032,0.7284875308536898,0.2715124691463102,0.33233581695602193,0.667664183043978,0.31601183626475016,0.0
120,1.0,0.16666666666666663,0.8333333333333334,0.07384518225932596,0.926154817740674,0.5740705140528278,0.42592948594717217,0.09464583955256349,0.9053541604474366,0.21339033133349378,0.0
121,1.0,0.22222222222222218,0.7777777777777778,0.15058156910813883,0.8494184308918612,0.4554951648196513,0.5445048351803488,0.04868210534789855,0.9513178946521015,0.35829352795751807,0.0
122,1.0,0.27777777777777773,0.7222222222222223,0.06282614538731401,0.937173854612686,0.5209807044183549,0.47901929558164513,0.1201103347837729,0.8798896652162271,0.3272335637482373,0.4
123,1.0,0.44444444444444436,0.5555555555555556,0.2791418354437741,0.720858164556226,0.776297335203366,0.22370266479663403,0.23011443587297764,0.7698855641270224,0.5412975281093096,0.0
124,1.0,0.4999999999999999,0.5000000000000001,0.2687855544858726,0.7312144455141274,0.6813844946511917,0.31861550534880834,0.17256169336891938,0.8274383066310806,0.6363221594774071,0.4
125,1.0,0.3333333333333333,0.6666666666666667,0.12524145411730772,0.8747585458826923,0.6598240469208211,0.3401759530791789,0.13719491618892082,0.8628050838110792,0.39619366035775105,0.42857142857142855
126,1.0,0.22222222222222218,0.7777777777777778,0.2571032038218439,0.7428967961781561,0.42431761786600497,0.575682382133995,0.04703758223607605,0.952962417763924,0.44391915495330064,0.30000000000000004
127,1.0,0.44444444444444436,0.5555555555555556,0.4066128832256367,0.5933871167743633,0.7875645381933718,0.2124354618066282,0.29267110400823965,0.7073288959917603,0.5617138024447885,0.08333333333333333
128,1.0,0.5555555555555555,0.44444444444444453,0.5452747099609205,0.45472529003907947,0.8012903225806451,0.19870967741935486,0.3383779822955489,0.6616220177044512,0.6192855732406776,0.3818181818181818
129,1.0,0.16666666666666663,0.8333333333333334,0.029738914903668992,0.970261085096331,0.598592375366569,0.40140762463343105,0.12589074298652167,0.8741092570134783,0.17683363735811827,0.5
130,1.0,0.3888888888888888,0.6111111111111112,0.16435714014291652,0.8356428598570835,0.6388542963885431,0.3611457036114569,0.14631507196198515,0.8536849280380149,0.47658321806651177,0.32142857142857145
131,1.0,0.44444444444444436,0.5555555555555556,0.2517549274605584,0.7482450725394416,0.6893760119566573,0.3106239880433427,0.22225866436228883,0.7777413356377112,0.5355568363953385,0.0
132,1.0,0.16666666666666663,0.8333333333333334,0.12897270541091913,0.8710272945890809,0.4147025621728868,0.5852974378271132,0.038729805553623736,0.9612701944463763,0.2806330799034924,0.5
133,1.0,0.3333333333333333,0.6666666666666667,0.14418412117586293,0.855815878824137,0.5968132468952588,0.40318675310474117,0.08925823656130229,0.9107417634386977,0.4325619760904638,0.5714285714285714
134,1.0,0.1111111111111111,0.8888888888888888,0.03077249764740193,0.969227502352598,0.5306358381502891,0.46936416184971086,0.07231111460139324,0.9276888853986067,0.1320750238721433,0.0
135,1.0,0.22222222222222218,0.7777777777777778,0.10277641635627256,0.8972235836437275,0.6295113382305972,0.37048866176940276,0.11621250467903096,0.883787495320969,0.26115506653658976,0.0
136,1.0,0.6666666666666665,0.3333333333333335,0.3948928979305661,0.6051071020694339,0.7673931996512642,0.23260680034873582,0.3019763617160265,0.6980236382839735,0.7768378046397477,0.1923076923076923
137,1.0,0.22222222222222218,0.7777777777777778,0.09128751855875031,0.9087124814412497,0.6148007590132829,0.3851992409867171,0.08499719268397181,0.9150028073160282,0.27407340298660077,0.0
138,1.0,0.22222222222222218,0.7777777777777778,0.11041888056399345,0.8895811194360066,0.5177918190887928,0.4822081809112072,0.06079290944580849,0.9392070905541915,0.3008377798593135,0.0
139,1.0,0.22222222222222218,0.7777777777777778,0.0615909377672901,0.9384090622327099,0.6075531077891424,0.3924468922108576,0.09872417929916869,0.9012758207008313,0.24774110008442843,0.30000000000000004
140,1.0,0.4999999999999999,0.5000000000000001,0.27382002771751285,0.7261799722824871,0.6734744195603041,0.32652558043969593,0.17920928550186102,0.820790714498139,0.590188043218448,0.2666666666666667
141,1.0,0.44444444444444436,0.5555555555555556,0.21695283415751312,0.7830471658424869,0.654047474132684,0.34595252586731595,0.12058303453168068,0.8794169654683193,0.5326750822130629,0.3333333333333333
142,1.0,0.4999999999999999,0.5000000000000001,0.2425129636880493,0.7574870363119507,0.7242784380305604,0.27572156196943964,0.2530386116071934,0.7469613883928066,0.5568084436231868,0.3333333333333333
143,1.0,0.1111111111111111,0.8888888888888888,0.007632138250895784,0.9923678617491042,0.42987678250034617,0.5701232174996538,0.04065192132792972,0.9593480786720703,0.14622980805596741,0.0
144,1.0,0.055555555555555546,0.9444444444444444,0.0015115789870955697,0.9984884210129045,0.3737828707690269,0.6262171292309731,0.02822909601356991,0.9717709039864301,0.07901531709361476,0.0
145,1.0,0.44444444444444436,0.5555555555555556,0.2689450137029985,0.7310549862970015,0.6715094804235409,0.32849051957645914,0.18265755357321817,0.8173424464267818,0.5403796252277199,0.3333333333333333
146,1.0,0.27777777777777773,0.7222222222222223,0.1081356375454819,0.8918643624545181,0.6521316258712919,0.3478683741287081,0.14142059639228424,0.8585794036077158,0.3214657701144841,0.2
147,1.0,0.5555555555555555,0.44444444444444453,0.5794268805737672,0.42057311942623277,0.7696101968658606,0.23038980313413937,0.2593091238872849,0.7406908761127151,0.7278390300536361,0.21818181818181817
148,1.0,0.27777777777777773,0.7222222222222223,0.05154340200845379,0.9484565979915462,0.5740705140528278,0.42592948594717217,0.12947401536986455,0.8705259846301354,0.3160105613583426,0.2
149,1.0,0.27777777777777773,0.7222222222222223,0.07398568975898168,0.9260143102410183,0.654047474132684,0.34595252586731595,0.18184711727483913,0.8181528827251608,0.30310419925107146,0.0
150,1.0,0.27777777777777773,0.7222222222222223,0.06941782330037284,0.9305821766996272,0.6636994691710904,0.33630053082890965,0.15546749253154732,0.8445325074684527,0.30684658740531773,0.0
151,1.0,0.3333333333333333,0.6666666666666667,0.17533294750266115,0.8246670524973388,0.5503535907423515,0.44964640925764854,0.0724344252749324,0.9275655747250676,0.45749563217953315,0.2857142857142857
152,1.0,0.27777777777777773,0.7222222222222223,0.2277289419649003,0.7722710580350998,0.5757949033797829,0.4242050966202171,0.10292087224902137,0.8970791277509786,0.4102503482943653,0.0
153,1.0,0.27777777777777773,0.7222222222222223,0.18022234893104125,0.8197776510689587,0.6184512958706507,0.38154870412934927,0.09448723590579221,0.9055127640942078,0.33836799135728335,0.2
154,1.0,0.16666666666666663,0.8333333333333334,0.04741432257492047,0.9525856774250795,0.542070832393413,0.457929167606587,0.09487308619258497,0.9051269138074151,0.19769039159999705,0.5
155,1.0,0.27777777777777773,0.7222222222222223,0.39280852868714006,0.6071914713128599,0.7200914401828803,0.2799085598171197,0.19274030785801816,0.8072596921419819,0.32271631151839175,0.0
156,1.0,0.22222222222222218,0.7777777777777778,0.18626143132355524,0.8137385686764448,0.5225806451612904,0.47741935483870956,0.03815309436711552,0.9618469056328844,0.29901607169372213,0.30000000000000004
157,1.0,0.3333333333333333,0.6666666666666667,0.13247981597821157,0.8675201840217884,0.6521316258712919,0.3478683741287081,0.13036310583472913,0.8696368941652709,0.3946617318803068,0.5714285714285714
158,1.0,0.27777777777777773,0.7222222222222223,0.1571983391777786,0.8428016608222214,0.500510874324916,0.49948912567508397,0.07315391942919587,0.9268460805708041,0.40856948490054756,0.4
159,1.0,0.3333333333333333,0.6666666666666667,0.21614453815668105,0.7838554618433189,0.6695495347788664,0.33045046522113364,0.18811206853902074,0.8118879314609793,0.4186097953191923,0.0
160,1.0,0.16666666666666663,0.8333333333333334,0.07935853289841308,0.9206414671015869,0.3958944281524928,0.6041055718475072,0.026794042831051287,0.9732059571689488,0.2713251748620652,1.0
161,1.0,0.27777777777777773,0.7222222222222223,0.408172229791082,0.5918277702089181,0.5036208031599736,0.4963791968400264,0.037017951968576455,0.9629820480314235,0.5960061864487298,0.0
162,1.0,0.22222222222222218,0.7777777777777778,0.05364217814603169,0.9463578218539683,0.3487375868111896,0.6512624131888104,0.017311934843673767,0.9826880651563262,0.3887939655847245,0.30000000000000004
163,1.0,0.3888888888888888,0.6111111111111112,0.43267922640471645,0.5673207735952835,0.47912924779078964,0.5208707522092104,0.03196582608663753,0.9680341739133624,0.6828252906574388,0.32142857142857145
164,1.0,0.1111111111111111,0.8888888888888888,0.09145572668363065,0.9085442733163693,0.5387846961740435,0.46121530382595655,0.1200181458480934,0.8799818541519067,0.1496295552599484,1.0
165,1.0,0.22222222222222218,0.7777777777777778,0.04489866761938819,0.9551013323806118,0.34141935483870967,0.6585806451612903,0.015578525836169763,0.9844214741638302,0.37222200086335017,0.6000000000000001
166,1.0,0.27777777777777773,0.7222222222222223,0.4446342374699643,0.5553657625300357,0.5757949033797829,0.4242050966202171,0.08228073543074353,0.9177192645692565,0.5199826422463831,0.2
167,1.0,0.1111111111111111,0.8888888888888888,0.06859513579792748,0.9314048642020725,0.4686865086437355,0.5313134913562645,0.03425592316372884,0.9657440768362712,0.20880255489894653,0.0
168,1.0,0.16666666666666663,0.8333333333333334,0.028062458412205366,0.9719375415877947,0.24029449158806654,0.7597055084119335,0.005863557617305284,0.9941364423826947,0.305996136529194,0.5
169,1.0,0.27777777777777773,0.7222222222222223,0.33231823675032685,0.6676817632496732,0.6464128547781501,0.35358714522184986,0.23643242926777117,0.7635675707322288,0.32043502808643276,0.2
170,1.0,0.0,1.0,0.0,1.0,0.20194119326291748,0.7980588067370825,0.0031344463379046734,0.9968655536620953,0.05109985872832312,0.0
171,1.0,0.22222222222222218,0.7777777777777778,0.16591910873318333,0.8340808912668167,0.4106253836186318,0.5893746163813682,0.03506251401123156,0.9649374859887685,0.4220547229240574,0.30000000000000004
172,1.0,0.055555555555555546,0.9444444444444444,0.0004935657891720258,0.999506434210828,0.15909776084632887,0.8409022391536711,0.0027140359326298666,0.9972859640673701,0.12581088818772043,0.0
173,1.0,0.1111111111111111,0.8888888888888888,0.12339144729300645,0.8766085527069936,0.28699510121083277,0.7130048987891673,0.011486610387243213,0.9885133896127568,0.2845327349469283,0.0
174,1.0,0.0,1.0,0.0,1.0,0.14443183660236658,0.8555681633976334,0.002955856927892203,0.9970441430721078,0.04194444762052892,0.0
175,1.0,0.3333333333333333,0.6666666666666667,0.2741889124276473,0.7258110875723527,0.45694802671094925,0.5430519732890507,0.03301494447025222,0.9669850555297478,0.5986224010244834,0.42857142857142855
176,1.0,0.16666666666666663,0.8333333333333334,0.1653014226671017,0.8346985773328983,0.4554951648196513,0.5445048351803488,0.04431210268248021,0.9556878973175198,0.3110056628043958,0.0
177,1.0,0.27777777777777773,0.7222222222222223,0.5161225008236908,0.4838774991763092,0.4927972713088283,0.5072027286911718,0.04528308628652045,0.9547169137134796,0.7331218002365072,0.0
178,1.0,0.22222222222222218,0.7777777777777778,0.279561897978039,0.720438102021961,0.41198156682027653,0.5880184331797235,0.014828019424534182,0.9851719805754658,0.5071423028330411,0.0
179,1.0,0.27777777777777773,0.7222222222222223,0.3655853373009418,0.6344146626990582,0.6598240469208211,0.3401759530791789,0.1629582524958395,0.8370417475041605,0.40643144586842644,0.4
180,1.0,0.22222222222222218,0.7777777777777778,0.16451499897984279,0.8354850010201572,0.40254811602060186,0.5974518839793981,0.026280020091123582,0.9737199799088764,0.377178508157286,0.0
181,1.0,0.0,1.0,0.0,1.0,0.06523851039980068,0.9347614896001993,0.000802678555291381,0.9991973214447086,0.06493073592643771,0.0
182,1.0,0.3333333333333333,0.6666666666666667,0.2241295097901986,0.7758704902098014,0.4439857252816457,0.5560142747183543,0.020999881206816444,0.9790001187931836,0.5505867294367246,0.5714285714285714
183,1.0,0.16666666666666663,0.8333333333333334,0.09698039783490944,0.9030196021650906,0.40792160065332794,0.5920783993466721,0.019970196650739805,0.9800298033492602,0.2632507514993998,0.5
184,1.0,0.27777777777777773,0.7222222222222223,0.15267550237751507,0.847324497622485,0.4657324750151153,0.5342675249848847,0.04484299828034898,0.955157001719651,0.4622075421602252,0.6000000000000001
185,1.0,0.055555555555555546,0.9444444444444444,0.028081875796353944,0.9719181242036461,0.343848988299179,0.656151011700821,0.026965434001484642,0.9730345659985153,0.09877390269277866,0.0
186,1.0,0.0,1.0,0.0,1.0,0.1953357732572985,0.8046642267427015,0.003889297933155126,0.9961107020668448,0.0705245706815723,0.0
187,1.0,0.22222222222222218,0.7777777777777778,0.17271039251228223,0.8272896074877177,0.5655098608775417,0.43449013912245826,0.08419923213951411,0.9158007678604859,0.33953310109450713,0.9
188,1.0,0.055555555555555546,0.9444444444444444,0.12240431571466238,0.8775956842853376,0.18881118881118877,0.8111888111888113,0.002697801944154163,0.9973021980558459,0.22286552506920057,0.0
189,1.0,0.22222222222222218,0.7777777777777778,0.11084093288683801,0.889159067113162,0.36869186621808814,0.6313081337819119,0.012933729006703263,0.9870662709932967,0.39908769083226675,0.30000000000000004
190,1.0,0.055555555555555546,0.9444444444444444,0.008707682783499027,0.991292317216501,0.4439857252816457,0.5560142747183543,0.07118028078920392,0.9288197192107961,0.08520008118172168,0.0
191,1.0,0.16666666666666663,0.8333333333333334,0.1903076277414294,0.8096923722585706,0.4701684270625179,0.5298315729374821,0.0757602008677768,0.9242397991322232,0.3207509655514487,0.0
192,1.0,0.16666666666666663,0.8333333333333334,0.15898193938579125,0.8410180606142088,0.4897360703812317,0.5102639296187683,0.047546531244012244,0.9524534687559878,0.31254467901301675,0.0
193,1.0,0.16666666666666663,0.8333333333333334,0.161388933046546,0.838611066953454,0.3827934749974981,0.6172065250025018,0.027346786531414563,0.9726532134685855,0.36887394246482413,0.0
194,1.0,0.055555555555555546,0.9444444444444444,0.011886709422559623,0.9881132905774404,0.26210431112451,0.73789568887549,0.00943874455897251,0.9905612554410275,0.16204859924387235,0.0
195,1.0,0.16666666666666663,0.8333333333333334,0.07181592193312832,0.9281840780668716,0.5689219216918243,0.4310780783081757,0.14424248890508318,0.8557575110949168,0.22621173674147582,0.0
196,1.0,0.1111111111111111,0.8888888888888888,0.06679013221039203,0.933209867789608,0.4411395056556347,0.5588604943443654,0.060491679850832245,0.9395083201491677,0.19845554520761333,0.0
197,1.0,0.055555555555555546,0.9444444444444444,0.016529210973639682,0.9834707890263603,0.45404547858276045,0.5459545214172395,0.05954239637918271,0.9404576036208173,0.08657109208749242,0.0
198,1.0,0.3333333333333333,0.6666666666666667,0.3501497949397735,0.6498502050602265,0.6258064516129033,0.37419354838709673,0.1757559638532297,0.8242440361467703,0.539682648781816,0.0
199,1.0,0.22222222222222218,0.7777777777777778,0.1360864018748292,0.8639135981251708,0.5897396035755926,0.41026039642440737,0.20316949361177414,0.7968305063882258,0.28944912048043453,0.6000000000000001
200,1.0,0.0,1.0,0.0,1.0,0.29366923863530725,0.7063307613646927,0.022574151647994235,0.9774258483520057,0.009744811519434281,0.0
201,1.0,0.0,1.0,0.0,1.0,0.3674256153415269,0.632574384658473,0.026483152145258922,0.9735168478547411,0.013833904086742656,0.0
202,1.0,0.0,1.0,0.0,1.0,0.3475117523099368,0.6524882476900632,0.04151309613840044,0.9584869038615995,0.007181512189502858,0.0
203,1.0,0.0,1.0,0.0,1.0,0.30042075736325385,0.6995792426367462,0.0169338149311699,0.9830661850688301,0.014975770025874477,0.0
204,1.0,0.0,1.0,0.0,1.0,0.39062132858917115,0.6093786714108289,0.05566899657833645,0.9443310034216635,0.0030637087373595554,0.0
205,1.0,0.0,1.0,0.0,1.0,0.1732933233308327,0.8267066766691673,0.002768853175147577,0.9972311468248525,0.03683444357581633,0.0
206,1.0,0.0,1.0,0.0,1.0,0.1953357732572985,0.8046642267427015,0.003889297933155125,0.9961107020668448,0.0705245706815723,0.0
207,1.0,0.0,1.0,0.0,1.0,0.20004559443747863,0.7999544055625214,0.006434730596364441,0.9935652694036355,0.024546326008974956,0.0
208,1.0,0.0,1.0,0.0,1.0,0.42155581539308057,0.5784441846069195,0.0757293370667315,0.9242706629332685,0.0007928599621156645,0.0
209,1.0,0.0,1.0,0.0,1.0,0.172394647715285,0.827605352284715,0.003800618367369859,0.9961993816326301,0.041578091682381295,0.0
210,1.0,0.0,1.0,0.0,1.0,0.3776286502109565,0.6223713497890435,0.05510379064447939,0.9448962093555207,0.004540777792561729,0.0
211,1.0,0.0,1.0,0.0,1.0,0.3573879792136484,0.6426120207863516,0.023436215102706364,0.9765637848972937,0.014886174617340407,0.0
212,1.0,0.0,1.0,0.0,1.0,0.28699510121083277,0.7130048987891673,0.017575054359174683,0.9824249456408253,0.011047150767137252,0.0
213,1.0,0.0,1.0,0.0,1.0,0.4201793259816552,0.5798206740183448,0.06975932251418258,0.9302406774858174,0.0008662826597942451,0.0
214,1.0,0.0,1.0,0.0,1.0,0.0,1.0,0.0,1.0,0.09667845455595082,0.0
215,1.0,0.0,1.0,0.0,1.0,0.40254811602060186,0.5974518839793981,0.05186810524389864,0.9481318947561014,0.0027253654284600973,0.0
216,1.0,0.0,1.0,0.0,1.0,0.3487375868111896,0.6512624131888104,0.03321476894750885,0.9667852310524911,0.006697606542157077,0.0
217,1.0,0.0,1.0,0.0,1.0,0.27495578998719433,0.7250442100128056,0.015805336557515235,0.9841946634424847,0.029677473660638203,0.0
218,1.0,0.0,1.0,0.0,1.0,0.3153210024619657,0.6846789975380343,0.017021854243930892,0.9829781457560691,0.010875115446885245,0.0
219,1.0,0.0,1.0,0.0,1.0,0.14698951816039646,0.8530104818396036,0.0032907892792047844,0.9967092107207952,0.0351239178159508,0.0
220,1.0,0.0,1.0,0.0,1.0,0.23020128329085,0.76979871670915,0.010278413058128315,0.9897215869418717,0.022456345543868463,0.0
221,1.0,0.0,1.0,0.0,1.0,0.1814516129032258,0.8185483870967742,0.006672761295673634,0.9933272387043264,0.043648968516131974,0.0
222,1.0,0.0,1.0,0.0,1.0,0.25369561314261774,0.7463043868573822,0.018309003875390095,0.9816909961246099,0.01940149520510198,0.0
223,1.0,0.0,1.0,0.0,1.0,0.41880576527110513,0.5811942347288949,0.0769256301259952,0.9230743698740048,2.0922343541234726e-05,0.0
224,1.0,0.0,1.0,0.0,1.0,0.38149826712876567,0.6185017328712343,0.061572463392023775,0.9384275366079762,0.0007435746960188288,0.0
225,1.0,0.0,1.0,0.0,1.0,0.172394647715285,0.827605352284715,0.0041997290601118184,0.9958002709398882,0.031105044476213685,0.0
226,1.0,0.0,1.0,0.0,1.0,0.3561447041922425,0.6438552958077575,0.02733299781681558,0.9726670021831845,0.007956401517818991,0.0
227,1.0,0.0,1.0,0.0,1.0,0.37506216225176536,0.6249378377482346,0.04346590623445823,0.9565340937655418,0.005911788698332494,0.0
228,1.0,0.0,1.0,0.0,1.0,0.15300784655623365,0.8469921534437663,0.0040495353854984005,0.9959504646145017,0.04566140106548954,0.0
229,1.0,0.0,1.0,0.0,1.0,0.3306051983759071,0.6693948016240929,0.01665928571889017,0.9833407142811098,0.019901120089528438,0.0
230,1.0,0.0,1.0,0.0,1.0,0.36113296616837137,0.6388670338316287,0.02076987527413343,0.9792301247258666,0.011905700399494464,0.0
231,1.0,0.0,1.0,0.0,1.0,0.4052292020373514,0.5947707979626486,0.06365539465769053,0.9363446053423095,0.0023937822491595104,0.0
232,1.0,0.0,1.0,0.0,1.0,0.15300784655623365,0.8469921534437663,0.004049535385498395,0.9959504646145017,0.04566140106548954,0.0
233,1.0,0.0,1.0,0.0,1.0,0.4133406232914162,0.5866593767085838,0.07542164436722887,0.9245783556327711,0.0,0.0
234,1.0,0.0,1.0,0.0,1.0,0.24541080021386558,0.7545891997861345,0.011481540950959376,0.9885184590490407,0.019267970040075307,0.0
235,1.0,0.0,1.0,0.0,1.0,0.24541080021386558,0.7545891997861345,0.007268279254293464,0.9927317207457065,0.04032985663299078,0.0
236,1.0,0.0,1.0,0.0,1.0,0.33658912736152163,0.6634108726384784,0.03287138917510213,0.9671286108248979,0.006017946333692308,0.0
237,1.0,0.0,1.0,0.0,1.0,0.20194119326291748,0.7980588067370825,0.00313444633790467,0.9968655536620953,0.05109985872832312,0.0
238,1.0,0.0,1.0,0.0,1.0,0.1452829678500933,0.8547170321499067,0.0011078481805093948,0.9988921518194906,0.056409336205053076,0.0
239,1.0,0.0,1.0,0.0,1.0,0.24541080021386558,0.7545891997861345,0.009153335153462458,0.9908466648465375,0.024784448323109488,0.0
240,1.0,0.0,1.0,0.0,1.0,0.4257029498016215,0.5742970501983785,0.06534576851604353,0.9346542314839564,0.0025221106420931197,0.0
241,1.0,0.0,1.0,0.0,1.0,0.3598821025053219,0.6401178974946782,0.040437508294976554,0.9595624917050234,0.006188732516006527,0.0
242,1.0,0.0,1.0,0.0,1.0,0.12688172043010748,0.8731182795698925,0.0022511824516392932,0.9977488175483608,0.05387510111022958,0.0
243,1.0,0.0,1.0,0.0,1.0,0.23020128329085,0.76979871670915,0.006369019467031706,0.9936309805329683,0.019697621644617327,0.0
244,1.0,0.0,1.0,0.0,1.0,0.38020573254768814,0.6197942674523118,0.059593300446219404,0.9404066995537806,0.0026227249440120104,0.0
245,1.0,0.0,1.0,0.0,1.0,0.3235023041474654,0.6764976958525346,0.023724342195371652,0.9762756578046283,0.011594772940748826,0.0
246,1.0,0.0,1.0,0.0,1.0,0.3972195977864759,0.6027804022135241,0.059783460465835984,0.9402165395341641,0.0017616536266986925,0.0
247,1.0,0.0,1.0,0.0,1.0,0.4257029498016215,0.5742970501983785,0.06142616748191949,0.9385738325180805,0.0020164704149583097,0.0
248,1.0,0.0,1.0,0.0,1.0,0.30725101100347973,0.6927489889965203,0.015513605040762019,0.984486394959238,0.013694041052983032,0.0
249,1.0,0.0,1.0,0.0,1.0,0.1953357732572985,0.8046642267427015,0.0038892979331551234,0.9961107020668448,0.0705245706815723,0.0
