"node_id","weight","deg_centrality","r_degree","betweenness","r_betweenness","closeness","r_closeness","eigenvector","r_eigenvector","pagerank","ccf"
0,1.0,0.3888888888888888,0.6111111111111112,0.08211332991594736,0.9178866700840527,0.7237999872169077,0.27620001278309225,0.44060575665060253,0.5593942433493975,0.36432935974340513,0.3571428571428571
1,1.0,0.27777777777777773,0.7222222222222223,0.2098678486783551,0.7901321513216449,0.6346598447991638,0.3653401552008362,0.24408311816530398,0.755916881834696,0.33319490529414675,0.5
2,1.0,0.7222222222222221,0.2777777777777779,0.30365376915808184,0.6963462308419182,0.9090809914470239,0.09091900855297608,0.719296472271825,0.280703527728175,0.6809826439435241,0.38461538461538464
3,1.0,0.8888888888888888,0.11111111111111116,1.0,0.0,0.9038560421478974,0.09614395785210261,0.757316734516415,0.242683265483585,1.0,0.16544117647058823
4,1.0,0.4999999999999999,0.5000000000000001,0.3708630586851743,0.6291369413148258,0.7916716044262077,0.20832839557379235,0.49739114618042285,0.5026088538195772,0.5000728333585384,0.4444444444444444
5,1.0,0.5555555555555555,0.44444444444444453,0.37882468213856635,0.6211753178614337,0.8756626112136003,0.12433738878639966,0.5534983866357767,0.44650161336422334,0.5404133055984599,0.0909090909090909
6,1.0,0.7222222222222221,0.2777777777777779,0.2912853944585925,0.7087146055414075,0.8883650634340647,0.11163493656593526,0.7549062484466453,0.24509375155335467,0.6836419552283335,0.21978021978021978
7,1.0,0.4999999999999999,0.5000000000000001,0.4048136293756462,0.5951863706243539,0.8483577984462867,0.15164220155371333,0.44105408861373097,0.558945911386269,0.5126896717909896,0.1111111111111111
8,1.0,0.611111111111111,0.38888888888888895,0.3236940006951713,0.6763059993048287,0.8756626112136003,0.12433738878639966,0.6417266006130663,0.3582733993869337,0.5931512193295171,0.26515151515151514
9,1.0,0.7777777777777777,0.22222222222222232,0.5725646298802536,0.4274353701197464,0.9438138616745008,0.056186138325499235,0.7695610960227627,0.23043890397723732,0.7968582307355137,0.1904761904761905
10,1.0,0.5555555555555555,0.44444444444444453,0.29443421155779537,0.7055657884422046,0.8101435761470364,0.18985642385296364,0.45661777987595403,0.5433822201240459,0.5454630798979775,0.1818181818181818
11,1.0,0.4999999999999999,0.5000000000000001,0.2438257799184126,0.7561742200815874,0.850804440727641,0.14919555927235895,0.5252247179109879,0.4747752820890121,0.49033655252279645,0.2222222222222222
12,1.0,0.4999999999999999,0.5000000000000001,0.37762656632518715,0.6223734336748128,0.7825882794891061,0.21741172051089386,0.3953047212230406,0.6046952787769594,0.5569156075677053,0.16666666666666666
13,1.0,0.611111111111111,0.38888888888888895,0.5355196561496205,0.4644803438503795,0.8314256456934807,0.16857435430651935,0.5623118999897224,0.4376881000102776,0.6252756471984146,0.26515151515151514
14,1.0,0.3333333333333333,0.6666666666666667,0.11903985147815008,0.8809601485218499,0.7322419197075601,0.26775808029243986,0.3485066624986895,0.6514933375013106,0.3357778519742915,0.11904761904761904
15,1.0,0.8333333333333331,0.16666666666666685,0.7148963604454842,0.2851036395545158,0.9090809914470239,0.09091900855297608,0.7117183509338099,0.28828164906619014,0.8515327331858744,0.10416666666666666
16,1.0,0.6666666666666665,0.3333333333333335,0.5154776835608996,0.4845223164391004,0.8681295047663337,0.13187049523366634,0.593561460505005,0.406438539494995,0.6881763519555973,0.2564102564102564
17,1.0,0.4999999999999999,0.5000000000000001,0.2595312605214847,0.7404687394785153,0.803168281386347,0.196831718613653,0.36958894593698,0.63041105406302,0.49874831967054295,0.16666666666666666
18,1.0,0.4999999999999999,0.5000000000000001,0.27422283389893354,0.7257771661010665,0.7803330660762493,0.2196669339237507,0.4304546449041816,0.5695453550958184,0.5014677445431098,0.1111111111111111
19,1.0,0.8888888888888888,0.11111111111111116,0.7701108382213107,0.22988916177868934,0.9771099923370384,0.022890007662961565,0.8084084007261255,0.19159159927387448,0.9002507770994612,0.14705882352941174
20,1.0,0.3333333333333333,0.6666666666666667,0.33325445840632106,0.6667455415936789,0.7010404709242098,0.29895952907579015,0.2343029060001112,0.7656970939998888,0.3725341449079756,0.0
21,1.0,0.27777777777777773,0.7222222222222223,0.06461282027145965,0.9353871797285404,0.7280097125401426,0.2719902874598574,0.33752353977307215,0.6624764602269279,0.26397001335654996,0.16666666666666666
22,1.0,0.611111111111111,0.38888888888888895,0.5944024863078364,0.40559751369216357,0.8195356631769225,0.1804643368230775,0.5368182357137609,0.46318176428623914,0.6819299400561688,0.1893939393939394
23,1.0,0.3333333333333333,0.6666666666666667,0.07360597272480696,0.926394027275193,0.7450752477670379,0.25492475223296207,0.3867227127379933,0.6132772872620067,0.31692000474481813,0.11904761904761904
24,1.0,0.7222222222222221,0.2777777777777779,0.4551808385718585,0.5448191614281415,0.9383816875166358,0.061618312483364246,0.6765997936295722,0.32340020637042777,0.69266309098395,0.08241758241758242
25,1.0,0.22222222222222218,0.7777777777777778,0.028064444030856214,0.9719355559691438,0.6555082931867446,0.34449170681325536,0.24463065153614977,0.7553693484638502,0.20827653604856072,0.0
26,1.0,1.0,0.0,0.615456621375136,0.384543378624864,0.9799403347197465,0.02005966528025349,1.0,0.0,0.9462747053619679,0.21929824561403508
27,1.0,0.5555555555555555,0.44444444444444453,0.3891464849012372,0.6108535150987628,0.8266494716698561,0.17335052833014386,0.5718158281375112,0.4281841718624888,0.594028443597576,0.22727272727272727
28,1.0,0.3888888888888888,0.6111111111111112,0.07956425880622164,0.9204357411937784,0.705129689671144,0.294870310328856,0.4092302953561284,0.5907697046438716,0.3746168134376166,0.4464285714285714
29,1.0,0.5555555555555555,0.44444444444444453,0.23147390067726473,0.7685260993227353,0.7871173959287382,0.2128826040712618,0.4341197505187693,0.5658802494812307,0.5360722719763686,0.1818181818181818
30,1.0,0.611111111111111,0.38888888888888895,0.3693739467501464,0.6306260532498535,0.8459181565720318,0.15408184342796816,0.6077184831064268,0.39228151689357316,0.633110774744969,0.22727272727272727
31,1.0,0.4999999999999999,0.5000000000000001,0.18756925606926636,0.8124307439307337,0.7647186320651621,0.2352813679348379,0.48975811096735583,0.5102418890326441,0.4844700973132026,0.27777777777777773
32,1.0,0.3888888888888888,0.6111111111111112,0.17670432606977476,0.8232956739302253,0.7092404306220097,0.2907595693779903,0.25555444899421326,0.7444455510057868,0.4053346873674441,0.26785714285714285
33,1.0,0.27777777777777773,0.7222222222222223,0.22285658131815625,0.7771434186818438,0.6789270312230464,0.32107296877695357,0.20374082022052484,0.7962591797794751,0.31416751696079087,0.0
34,1.0,0.5555555555555555,0.44444444444444453,0.3767110832970336,0.6232889167029664,0.8148264285285105,0.1851735714714895,0.49018432325832995,0.50981567674167,0.5907001102936367,0.13636363636363635
35,1.0,0.4999999999999999,0.5000000000000001,0.29784401673467736,0.7021559832653226,0.8148264285285105,0.1851735714714895,0.4676418537533003,0.5323581462466997,0.4929842229459136,0.1111111111111111
36,1.0,0.44444444444444436,0.5555555555555556,0.11967022610216782,0.8803297738978322,0.7780840483046366,0.22191595169536338,0.4778082729728027,0.5221917270271973,0.42490592339797645,0.3472222222222222
37,1.0,0.44444444444444436,0.5555555555555556,0.4249386872769253,0.5750613127230747,0.7472343139657237,0.2527656860342763,0.3656946784606079,0.6343053215393921,0.47226052289295883,0.06944444444444443
38,1.0,0.7222222222222221,0.2777777777777779,0.5487321631927106,0.45126783680728944,0.9410936717449957,0.0589063282550043,0.7272790869663169,0.27272091303368307,0.6966009330060647,0.2747252747252747
39,1.0,0.7222222222222221,0.2777777777777779,0.40411630400982224,0.5958836959901778,0.9090809914470239,0.09091900855297608,0.7536341804054151,0.24636581959458492,0.7035479651340081,0.21978021978021978
40,1.0,0.4999999999999999,0.5000000000000001,0.16016689247618904,0.839833107523811,0.8101435761470364,0.18985642385296364,0.5342585980717562,0.46574140192824376,0.4787057920260763,0.3888888888888889
41,1.0,0.4999999999999999,0.5000000000000001,0.13074621500351302,0.869253784996487,0.8008561363263969,0.19914386367360315,0.5329096709610066,0.4670903290389934,0.4695170713140339,0.16666666666666666
42,1.0,0.7777777777777777,0.22222222222222232,0.6142347831058562,0.3857652168941438,0.9117051116002258,0.08829488839977417,0.6898458522566127,0.31015414774338734,0.8074109942385816,0.14285714285714285
43,1.0,0.5555555555555555,0.44444444444444453,0.33790822471415494,0.6620917752858451,0.803168281386347,0.196831718613653,0.49586126628556415,0.5041387337144358,0.583377773842118,0.13636363636363635
44,1.0,0.5555555555555555,0.44444444444444453,0.5256011211153693,0.4743988788846307,0.8078119741221347,0.19218802587786532,0.446082481763082,0.553917518236918,0.5736398155013481,0.1818181818181818
45,1.0,0.7777777777777777,0.22222222222222232,0.7778051765757238,0.2221948234242762,0.9064646464646465,0.09353535353535347,0.6876717952062048,0.3123282047937952,0.8682622263675356,0.14285714285714285
46,1.0,0.44444444444444436,0.5555555555555556,0.16793156476868956,0.8320684352313105,0.8171777341546516,0.18282226584534844,0.5231943523782714,0.4768056476217286,0.42812803566842994,0.13888888888888887
47,1.0,0.5555555555555555,0.44444444444444453,0.3426884757966075,0.6573115242033924,0.8557188473819877,0.14428115261801233,0.5580468099170667,0.4419531900829333,0.547542714512813,0.22727272727272727
48,1.0,0.7777777777777777,0.22222222222222232,0.8685765122506478,0.1314234877493522,1.0,0.0,0.7377680042757735,0.2622319957242265,0.7715360557655674,0.16666666666666666
49,1.0,0.16666666666666663,0.8333333333333334,0.20639118555597852,0.7936088144440214,0.5875944265614453,0.41240557343855466,0.13197945453192386,0.8680205454680762,0.23893863829760031,0.0
50,1.0,0.7222222222222221,0.2777777777777779,0.4667748789082432,0.5332251210917568,0.9169768164683567,0.08302318353164329,0.735797266245427,0.26420273375457304,0.6959660079436667,0.24725274725274723
51,1.0,0.44444444444444436,0.5555555555555556,0.1415984506832283,0.8584015493167717,0.7386327794583591,0.26136722054164085,0.41672105950294547,0.5832789404970545,0.4263616858980913,0.27777777777777773
52,1.0,0.8333333333333331,0.16666666666666685,0.5207721396715821,0.4792278603284179,0.9222800412460135,0.07771995875398652,0.7998685155368438,0.2001314844631562,0.8063308852945237,0.10416666666666666
53,1.0,0.3888888888888888,0.6111111111111112,0.2795999273402421,0.7204000726597579,0.760311918739828,0.23968808126017205,0.3392513084709037,0.6607486915290963,0.39598144952839714,0.0
54,1.0,0.5555555555555555,0.44444444444444453,0.45083629842199274,0.5491637015780073,0.8459181565720318,0.15408184342796816,0.49920259657611116,0.5007974034238889,0.5715424025242932,0.04545454545454545
55,1.0,0.4999999999999999,0.5000000000000001,0.3092272342900594,0.6907727657099406,0.8219002436209771,0.17809975637902287,0.49133205993219253,0.5086679400678075,0.4920826978718085,0.16666666666666666
56,1.0,0.611111111111111,0.38888888888888895,0.477431535828856,0.522568464171144,0.8656330049451698,0.13436699505483019,0.5661416305325204,0.4338583694674796,0.6413593515855368,0.11363636363636363
57,1.0,0.6666666666666665,0.3333333333333335,0.5009503413527746,0.4990496586472254,0.8581866726255608,0.1418133273744392,0.5704689276288082,0.4295310723711918,0.6977626489292533,0.09615384615384616
58,1.0,0.7222222222222221,0.2777777777777779,0.9750363468395087,0.024963653160491317,0.9438138616745008,0.056186138325499235,0.6228196487098911,0.37718035129010885,0.7603631277144565,0.027472527472527472
59,1.0,0.44444444444444436,0.5555555555555556,0.17253712557376463,0.8274628744262353,0.8219002436209771,0.17809975637902287,0.4017385321619273,0.5982614678380727,0.4212983432159029,0.06944444444444443
60,1.0,0.4999999999999999,0.5000000000000001,0.2052397323242242,0.7947602676757758,0.7625122776383282,0.23748772236167182,0.4151904130928732,0.5848095869071268,0.4985715094427406,0.1111111111111111
61,1.0,0.7777777777777777,0.22222222222222232,0.5055499296084421,0.49445007039155786,0.8832617975419835,0.11673820245801647,0.7306269301868485,0.26937306981315146,0.7633573686562418,0.11904761904761904
62,1.0,0.5555555555555555,0.44444444444444453,0.3414414240189879,0.6585585759810121,0.8410597542090367,0.15894024579096333,0.5276287307411026,0.4723712692588974,0.5457417463481441,0.3181818181818181
63,1.0,0.611111111111111,0.38888888888888895,0.3188796946244956,0.6811203053755044,0.8631437204414084,0.1368562795585916,0.5791125221612677,0.42088747783873226,0.5895369444529958,0.07575757575757576
64,1.0,0.611111111111111,0.38888888888888895,0.3968209751642606,0.6031790248357394,0.8290341761221616,0.17096582387783843,0.5219819565243272,0.4780180434756728,0.6358858594414445,0.15151515151515152
65,1.0,0.6666666666666665,0.3333333333333335,0.6001694358390168,0.39983056416098317,0.88580969456863,0.11419030543136999,0.6112323348263567,0.38876766517364325,0.713167554315948,0.03205128205128205
66,1.0,0.611111111111111,0.38888888888888895,0.3306991032125906,0.6693008967874094,0.8909279370538765,0.10907206294612348,0.5507912703085032,0.44920872969149683,0.5928196488380318,0.07575757575757576
67,1.0,0.6666666666666665,0.3333333333333335,0.5776693292874803,0.42233067071251973,0.8986619185083529,0.10133808149164714,0.6639600447275892,0.3360399552724108,0.6559277645282974,0.22435897435897434
68,1.0,0.3888888888888888,0.6111111111111112,0.37729978522968577,0.6227002147703142,0.6929259274732621,0.3070740725267379,0.32822332645660884,0.6717766735433912,0.4764865589658352,0.17857142857142855
69,1.0,0.4999999999999999,0.5000000000000001,0.1821689369120198,0.8178310630879801,0.8219002436209771,0.17809975637902287,0.4357266678038439,0.5642733321961562,0.4781405923994737,0.1111111111111111
70,1.0,0.4999999999999999,0.5000000000000001,0.3515783390668239,0.6484216609331761,0.7322419197075601,0.26775808029243986,0.3192957084758211,0.6807042915241789,0.5640922097776601,0.27777777777777773
71,1.0,0.3888888888888888,0.6111111111111112,0.32382207641842053,0.6761779235815795,0.7133728641372598,0.28662713586274025,0.2606499101840524,0.7393500898159475,0.4590382650028868,0.17857142857142855
72,1.0,0.3888888888888888,0.6111111111111112,0.18235655334276143,0.8176434466572385,0.7343665103377278,0.2656334896622722,0.2628966205778974,0.7371033794221026,0.39262997095033264,0.08928571428571427
73,1.0,0.3333333333333333,0.6666666666666667,0.17697298526737684,0.8230270147326232,0.7450752477670379,0.25492475223296207,0.3108967302804178,0.6891032697195822,0.34241417108403005,0.11904761904761904
74,1.0,0.4999999999999999,0.5000000000000001,0.19718429260114298,0.802815707398857,0.8101435761470364,0.18985642385296364,0.4510743949541474,0.5489256050458526,0.47784537349004635,0.27777777777777773
75,1.0,0.611111111111111,0.38888888888888895,0.3923354293110232,0.6076645706889767,0.7939581834499027,0.20604181655009735,0.32256399850632256,0.6774360014936774,0.6452461726573901,0.1893939393939394
76,1.0,0.5555555555555555,0.44444444444444453,0.367341360184321,0.632658639815679,0.7985504228243328,0.20144957717566725,0.33046273297124007,0.6695372670287599,0.570010864473042,0.04545454545454545
77,1.0,0.44444444444444436,0.5555555555555556,0.3346529552213355,0.6653470447786645,0.7537465718234644,0.24625342817653562,0.33254111714634593,0.6674588828536541,0.5038451836303849,0.3472222222222222
78,1.0,0.4999999999999999,0.5000000000000001,0.4324942915482861,0.5675057084517139,0.7343665103377278,0.2656334896622722,0.22610649773525104,0.773893502264749,0.5675724096956637,0.1111111111111111
79,1.0,0.3888888888888888,0.6111111111111112,0.18602405470553923,0.8139759452944608,0.758117530964526,0.24188246903547395,0.33465540296485213,0.6653445970351479,0.39040411566651473,0.17857142857142855
80,1.0,0.3333333333333333,0.6666666666666667,0.12735519836282286,0.8726448016371772,0.7364967892962223,0.2635032107037777,0.2491921270952911,0.750807872904709,0.33450540438698784,0.23809523809523808
81,1.0,0.7777777777777777,0.22222222222222232,0.8181185304521663,0.18188146954783369,0.8656330049451698,0.13436699505483019,0.46071579393067424,0.5392842060693257,0.8079640581328174,0.07142857142857142
82,1.0,0.3888888888888888,0.6111111111111112,0.11688824667700659,0.8831117533229934,0.7259020508590285,0.2740979491409715,0.3366924287107394,0.6633075712892607,0.3970276663521438,0.26785714285714285
83,1.0,0.16666666666666663,0.8333333333333334,0.04895242545579949,0.9510475745442005,0.550029392801608,0.449970607198392,0.10498927363851492,0.895010726361485,0.19192018400199343,0.0
84,1.0,0.44444444444444436,0.5555555555555556,0.4568920859229594,0.5431079140770406,0.7154472693364605,0.2845527306635395,0.18830718467360308,0.8116928153263969,0.5592581733520652,0.13888888888888887
85,1.0,0.5555555555555555,0.44444444444444453,0.45817729691028986,0.5418227030897101,0.8706332513213758,0.1293667486786242,0.40193682309765927,0.5980631769023408,0.5671443440864747,0.13636363636363635
86,1.0,0.44444444444444436,0.5555555555555556,0.3080996925797947,0.6919003074202053,0.7133728641372598,0.28662713586274025,0.2847634391967607,0.7152365608032393,0.5218076140874235,0.41666666666666663
87,1.0,0.44444444444444436,0.5555555555555556,0.22564057848022628,0.7743594215197738,0.7985504228243328,0.20144957717566725,0.3272055292990378,0.6727944707009622,0.45448972062000975,0.27777777777777773
88,1.0,0.7222222222222221,0.2777777777777779,0.646827210315475,0.35317278968452503,0.8986619185083529,0.10133808149164714,0.4699171763221593,0.5300828236778408,0.7426917089188639,0.19230769230769232
89,1.0,0.6666666666666665,0.3333333333333335,0.8110412823453909,0.18895871765460914,0.8266494716698561,0.17335052833014386,0.33412212654371887,0.6658778734562811,0.7863307609708121,0.1282051282051282
90,1.0,0.611111111111111,0.38888888888888895,0.3258561926653996,0.6741438073346004,0.88580969456863,0.11419030543136999,0.5088222101661142,0.4911777898338858,0.6014427517711707,0.26515151515151514
91,1.0,0.7222222222222221,0.2777777777777779,0.38510275391696364,0.6148972460830364,0.8266494716698561,0.17335052833014386,0.5091664890966636,0.4908335109033364,0.7296993231832941,0.3021978021978022
92,1.0,0.44444444444444436,0.5555555555555556,0.3396624189318167,0.6603375810681833,0.7071823592655315,0.2928176407344685,0.2634143141827433,0.7365856858172567,0.5056880317702478,0.20833333333333331
93,1.0,0.1111111111111111,0.8888888888888888,0.015946309347786344,0.9840536906522137,0.5384832394004176,0.46151676059958235,0.11213967423600375,0.8878603257639962,0.12246697482939434,0.0
94,1.0,0.4999999999999999,0.5000000000000001,0.48419699689987594,0.5158030031001241,0.7030824005999398,0.29691759940006024,0.23402230597651172,0.7659776940234883,0.6259937404172994,0.1111111111111111
95,1.0,0.611111111111111,0.38888888888888895,0.21501898360036875,0.7849810163996312,0.8434854851031321,0.15651451489686785,0.5588213459235318,0.44117865407646817,0.5875092696228628,0.15151515151515152
96,1.0,0.611111111111111,0.38888888888888895,0.726248096717069,0.273751903282931,0.8483577984462867,0.15164220155371333,0.38857106381862183,0.6114289361813782,0.6950455619502841,0.22727272727272727
97,1.0,0.3333333333333333,0.6666666666666667,0.12635187232862755,0.8736481276713725,0.7154472693364605,0.2845527306635395,0.21706609116245065,0.7829339088375493,0.3342363161476335,0.23809523809523808
98,1.0,0.1111111111111111,0.8888888888888888,0.011010376126596319,0.9889896238734037,0.4656105169340464,0.5343894830659536,0.06452372149210306,0.9354762785078969,0.12640705548317707,0.8333333333333333
99,1.0,0.4999999999999999,0.5000000000000001,0.296451553748748,0.703548446251252,0.8124817184300727,0.18751828156992734,0.38926025772873557,0.6107397422712644,0.5030974173128836,0.05555555555555555
100,1.0,0.3333333333333333,0.6666666666666667,0.1300065690048662,0.8699934309951338,0.7217034993404161,0.2782965006595839,0.3113592982177177,0.6886407017822823,0.33255428317508096,0.23809523809523808
101,1.0,0.3888888888888888,0.6111111111111112,0.13008121369306153,0.8699187863069384,0.6990038796267171,0.30099612037328294,0.26209278524008567,0.7379072147599144,0.398081031987663,0.4464285714285714
102,1.0,0.27777777777777773,0.7222222222222223,0.09587714562582474,0.9041228543741753,0.5946409938698318,0.4053590061301682,0.1451070588503728,0.8548929411496272,0.3167591728372036,0.16666666666666666
103,1.0,0.3888888888888888,0.6111111111111112,0.14810859014381464,0.8518914098561854,0.7515699523052465,0.24843004769475352,0.318905476767078,0.681094523232922,0.38203865420219363,0.0
104,1.0,0.3333333333333333,0.6666666666666667,0.10064276652510092,0.899357233474899,0.7691494257911808,0.23085057420881916,0.35938430405619387,0.6406156959438061,0.33264536998622457,0.5952380952380951
105,1.0,0.7777777777777777,0.22222222222222232,0.648760307985381,0.351239692014619,0.8731442762094267,0.1268557237905733,0.5156554523461124,0.48434454765388757,0.8417935439637935,0.23809523809523808
106,1.0,0.1111111111111111,0.8888888888888888,0.0256851696946598,0.9743148303053402,0.48954829772303826,0.5104517022769617,0.06958449217168111,0.9304155078283189,0.13508418527399882,0.0
107,1.0,0.4999999999999999,0.5000000000000001,0.4136574700567324,0.5863425299432676,0.7691494257911808,0.23085057420881916,0.3129004879384581,0.687099512061542,0.5751967085133448,0.2222222222222222
108,1.0,0.27777777777777773,0.7222222222222223,0.07836945957490507,0.921630540425095,0.6829008446845751,0.3170991553154249,0.21394011667305513,0.7860598833269449,0.27789214195178524,0.0
109,1.0,0.27777777777777773,0.7222222222222223,0.11944809452766038,0.8805519054723396,0.7030824005999398,0.29691759940006024,0.19967163914686287,0.8003283608531371,0.2860330055254093,0.16666666666666666
110,1.0,0.22222222222222218,0.7777777777777778,0.21998691070429557,0.7800130892957045,0.5668593122329404,0.4331406877670596,0.12733836090720224,0.8726616390927977,0.2969767083601847,0.0
111,1.0,0.16666666666666663,0.8333333333333334,0.06718427932014136,0.9328157206798586,0.5719870836034949,0.42801291639650507,0.09796775913049265,0.9020322408695074,0.19329961505049473,0.41666666666666663
112,1.0,0.3333333333333333,0.6666666666666667,0.1402306315671481,0.8597693684328519,0.7386327794583591,0.26136722054164085,0.3284587206156215,0.6715412793843785,0.32578274455599743,0.0
113,1.0,0.22222222222222218,0.7777777777777778,0.05430113379531693,0.945698866204683,0.638407612930965,0.36159238706903496,0.21278408331137766,0.7872159166886223,0.22265600708955355,0.0
114,1.0,0.6666666666666665,0.3333333333333335,0.29022063892220334,0.7097793610777967,0.7893913506556904,0.21060864934430956,0.4574776861106366,0.5425223138893633,0.6702183400545263,0.28846153846153844
115,1.0,0.44444444444444436,0.5555555555555556,0.49019768546743336,0.5098023145325666,0.7493992076035421,0.25060079239645794,0.23494049069063902,0.765059509309361,0.5278356031190339,0.06944444444444443
116,1.0,0.3333333333333333,0.6666666666666667,0.23659504419208627,0.7634049558079137,0.7133728641372598,0.28662713586274025,0.30908724774637425,0.6909127522536258,0.3737469442131979,0.0
117,1.0,0.4999999999999999,0.5000000000000001,0.2628089389060956,0.7371910610939044,0.775841200677802,0.22415879932219795,0.3657172795770531,0.6342827204229469,0.512509895838126,0.1111111111111111
118,1.0,0.4999999999999999,0.5000000000000001,0.4146526141036076,0.5853473858963925,0.7280097125401426,0.2719902874598574,0.2921247449138064,0.7078752550861935,0.5741092783316031,0.16666666666666666
119,1.0,0.3333333333333333,0.6666666666666667,0.07813479029620038,0.9218652097037996,0.7133728641372598,0.28662713586274025,0.2854070333148188,0.7145929666851811,0.3232878321883867,0.11904761904761904
120,1.0,0.27777777777777773,0.7222222222222223,0.08561316977288476,0.9143868302271152,0.6516744271161627,0.34832557288383725,0.1733378852742218,0.8266621147257782,0.286024087155576,0.16666666666666666
121,1.0,0.3333333333333333,0.6666666666666667,0.13535085241742223,0.8646491475825777,0.6749736749736752,0.3250263250263248,0.17322776820664842,0.8267722317933516,0.35631019249315243,0.23809523809523808
122,1.0,0.22222222222222218,0.7777777777777778,0.043665285156347204,0.9563347148436528,0.6035464715724551,0.3964535284275449,0.14780929613095267,0.8521907038690473,0.22380388326348954,0.0
123,1.0,0.27777777777777773,0.7222222222222223,0.3041505811361296,0.6958494188638704,0.6272203848667102,0.37277961513328983,0.11871053222047356,0.8812894677795264,0.37737696799322723,0.16666666666666666
124,1.0,0.27777777777777773,0.7222222222222223,0.17225079926309786,0.8277492007369022,0.6309308155080215,0.36906918449197845,0.11593136454774886,0.8840686354522511,0.31054019609752037,0.0
125,1.0,0.3333333333333333,0.6666666666666667,0.124023583664169,0.875976416335831,0.592872914861881,0.407127085138119,0.14603057132288888,0.8539694286771111,0.3718852608969385,0.3571428571428571
126,1.0,0.16666666666666663,0.8333333333333334,0.03612324019425412,0.9638767598057458,0.4354543712658295,0.5645456287341706,0.056698554288352056,0.943301445711648,0.2099920465103322,0.0
127,1.0,0.3888888888888888,0.6111111111111112,0.17544613560608022,0.8245538643939198,0.6769478058327363,0.3230521941672637,0.2324092504970565,0.7675907495029435,0.4142586826792192,0.26785714285714285
128,1.0,0.7777777777777777,0.22222222222222232,0.7386424621327837,0.26135753786721627,0.8434854851031321,0.15651451489686785,0.4762291875048628,0.5237708124951372,0.8526574987192099,0.07142857142857142
129,1.0,0.27777777777777773,0.7222222222222223,0.18455604629067032,0.8154439537093296,0.619854765727631,0.380145234272369,0.11614307890717383,0.8838569210928262,0.3247919820121551,0.16666666666666666
130,1.0,0.44444444444444436,0.5555555555555556,0.28245728662835035,0.7175427133716497,0.6949466286455321,0.30505337135446786,0.19812049382868144,0.8018795061713185,0.5105361424843669,0.20833333333333331
131,1.0,0.3888888888888888,0.6111111111111112,0.3117385749570119,0.6882614250429882,0.705129689671144,0.294870310328856,0.2073650512798137,0.7926349487201862,0.4554178569192818,0.08928571428571427
132,1.0,0.22222222222222218,0.7777777777777778,0.10531137614228205,0.894688623857718,0.6402885682574917,0.3597114317425083,0.1506691874670585,0.8493308125329415,0.23456717942914726,0.0
133,1.0,0.22222222222222218,0.7777777777777778,0.030528114603973103,0.9694718853960269,0.550029392801608,0.449970607198392,0.09757184788605847,0.9024281521139416,0.245040538066107,0.25
134,1.0,0.22222222222222218,0.7777777777777778,0.10143378787920532,0.8985662121207947,0.5143685773429607,0.4856314226570393,0.06375873541331203,0.936241264586688,0.26768834180623396,0.25
135,1.0,0.22222222222222218,0.7777777777777778,0.08493102480316486,0.9150689751968352,0.6272203848667102,0.37277961513328983,0.11530818066971879,0.8846918193302812,0.24125959658441642,0.25
136,1.0,0.27777777777777773,0.7222222222222223,0.0916320286316278,0.9083679713683722,0.6125618934442465,0.3874381065557535,0.14317860562767237,0.8568213943723276,0.3048447709014531,0.3333333333333333
137,1.0,0.44444444444444436,0.5555555555555556,0.16973451281721894,0.830265487182781,0.6909104817006599,0.30908951829934006,0.21314558179032708,0.786854418209673,0.46713490444761085,0.13888888888888887
138,1.0,0.3888888888888888,0.6111111111111112,0.247218199153313,0.752781800846687,0.7259020508590285,0.2740979491409715,0.2094224329235462,0.7905775670764538,0.41699531888395397,0.17857142857142855
139,1.0,0.3333333333333333,0.6666666666666667,0.08595854805520767,0.9140414519447924,0.6107499159287076,0.38925008407129236,0.17687366922577344,0.8231263307742266,0.34786057856647534,0.23809523809523808
140,1.0,0.3888888888888888,0.6111111111111112,0.23350517979324803,0.766494820206752,0.6868952745583555,0.31310472544164447,0.1574131531428511,0.8425868468571489,0.4321342307115483,0.08928571428571427
141,1.0,0.27777777777777773,0.7222222222222223,0.08983461528913216,0.9101653847108678,0.6253721006120099,0.3746278993879901,0.1355990559000732,0.8644009440999267,0.3110928486768385,0.3333333333333333
142,1.0,0.5555555555555555,0.44444444444444453,0.4936586902935511,0.5063413097064489,0.7237999872169077,0.27620001278309225,0.1953774558338525,0.8046225441661475,0.6773151357455369,0.1818181818181818
143,1.0,0.611111111111111,0.38888888888888895,0.70031293306402,0.29968706693598,0.7472343139657237,0.2527656860342763,0.24716552399492803,0.752834476005072,0.7448852767897045,0.0
144,1.0,0.27777777777777773,0.7222222222222223,0.11507841678048954,0.8849215832195104,0.638407612930965,0.36159238706903496,0.1517043252245569,0.8482956747754431,0.30031846276694607,0.16666666666666666
145,1.0,0.27777777777777773,0.7222222222222223,0.2500187028957471,0.7499812971042529,0.6017566451714378,0.3982433548285622,0.12031886478530217,0.8796811352146978,0.3622676832193875,0.16666666666666666
146,1.0,0.3888888888888888,0.6111111111111112,0.15843317261871467,0.8415668273812853,0.7010404709242098,0.29895952907579015,0.23800319591425687,0.7619968040857431,0.4000062408235753,0.26785714285714285
147,1.0,0.3888888888888888,0.6111111111111112,0.23515445112117617,0.7648455488788238,0.6651787545987937,0.3348212454012063,0.16668357302760287,0.8333164269723972,0.4427311909453558,0.08928571428571427
148,1.0,0.22222222222222218,0.7777777777777778,0.09025067368249946,0.9097493263175005,0.6161993037539049,0.38380069624609514,0.14027215716737768,0.8597278428326223,0.24891431425042276,0.0
149,1.0,0.16666666666666663,0.8333333333333334,0.22376656057513336,0.7762334394248667,0.4759777473037469,0.524022252696253,0.07021982414599681,0.9297801758540032,0.26798273994987776,0.0
150,1.0,0.3888888888888888,0.6111111111111112,0.13971506880417878,0.8602849311958212,0.6089424014119754,0.3910575985880246,0.1461060091837533,0.8538939908162467,0.4229974405878753,0.08928571428571427
151,1.0,0.22222222222222218,0.7777777777777778,0.046303074510946424,0.9536969254890536,0.5771519232008246,0.42284807679917535,0.11867326144946831,0.8813267385505317,0.2416136475187929,0.25
152,1.0,0.055555555555555546,0.9444444444444444,0.0048562207389817,0.9951437792610183,0.42986558751264653,0.5701344124873535,0.04345745546492046,0.9565425445350796,0.0730686070333768,0.0
153,1.0,0.611111111111111,0.38888888888888895,0.3683480726612505,0.6316519273387495,0.7803330660762493,0.2196669339237507,0.36535939131980144,0.6346406086801986,0.6304813781392399,0.1893939393939394
154,1.0,0.1111111111111111,0.8888888888888888,0.08196518240506721,0.9180348175949328,0.42294721407624647,0.5770527859237535,0.02820139115221224,0.9717986088477878,0.18700488932434542,0.0
155,1.0,0.22222222222222218,0.7777777777777778,0.24667971461276844,0.7533202853872316,0.6272203848667102,0.37277961513328983,0.14499038796301317,0.8550096120369868,0.3050437470460819,0.25
156,1.0,0.44444444444444436,0.5555555555555556,0.2517798151730044,0.7482201848269956,0.7429219855097464,0.2570780144902536,0.2631203223162953,0.7368796776837048,0.4643656243266433,0.06944444444444443
157,1.0,0.44444444444444436,0.5555555555555556,0.42953562042374865,0.5704643795762514,0.705129689671144,0.294870310328856,0.16381346289708612,0.8361865371029139,0.545705851607124,0.13888888888888887
158,1.0,0.44444444444444436,0.5555555555555556,0.5211833211835054,0.4788166788164946,0.7559290900395635,0.24407090996043646,0.263490513857598,0.736509486142402,0.5585705463766908,0.06944444444444443
159,1.0,0.22222222222222218,0.7777777777777778,0.009111510632892988,0.990888489367107,0.5096453151764829,0.4903546848235171,0.1160833940416242,0.8839166059583758,0.22950101380481727,1.0
160,1.0,0.27777777777777773,0.7222222222222223,0.18206078695297892,0.8179392130470211,0.6089424014119754,0.3910575985880246,0.11893541401500667,0.8810645859849934,0.33800693252657177,0.16666666666666666
161,1.0,0.1111111111111111,0.8888888888888888,0.045029324842867376,0.9549706751571326,0.49107321297715006,0.50892678702285,0.07451573093747818,0.9254842690625218,0.14845864938779185,0.0
162,1.0,0.0,1.0,0.0,1.0,0.278836439155815,0.721163560844185,0.012648145594795537,0.9873518544052045,0.019639195736478942,0.0
163,1.0,0.16666666666666663,0.8333333333333334,0.1355148172069783,0.8644851827930217,0.5319701233628065,0.46802987663719353,0.055152121822861666,0.9448478781771383,0.23324926467036738,0.0
164,1.0,0.1111111111111111,0.8888888888888888,0.04377099357927529,0.9562290064207247,0.39732225872435395,0.6026777412756461,0.02651261593581194,0.9734873840641881,0.16936348209604413,0.0
165,1.0,0.1111111111111111,0.8888888888888888,0.19701596342919075,0.8029840365708092,0.2691655831507799,0.7308344168492201,0.009600000493553728,0.9903999995064463,0.263877702954756,0.0
166,1.0,0.16666666666666663,0.8333333333333334,0.2190673693727275,0.7809326306272725,0.5303513331588199,0.4696486668411801,0.07503590187899001,0.92496409812101,0.26152241963276057,0.0
167,1.0,0.22222222222222218,0.7777777777777778,0.12141267587175429,0.8785873241282457,0.4396779210793051,0.5603220789206949,0.03531852395425706,0.964681476045743,0.34663963926416397,0.0
168,1.0,0.22222222222222218,0.7777777777777778,0.1644171733682854,0.8355828266317146,0.5788818433393754,0.4211181566606246,0.1253712406651216,0.8746287593348784,0.2952229571225266,0.25
169,1.0,0.3888888888888888,0.6111111111111112,0.4896312782260745,0.5103687217739254,0.6309308155080215,0.36906918449197845,0.13883651595657287,0.8611634840434271,0.5432677774642245,0.0
170,1.0,0.27777777777777773,0.7222222222222223,0.26737395191611213,0.7326260480838879,0.6125618934442465,0.3874381065557535,0.1021132722203859,0.8978867277796141,0.3653057104426517,0.0
171,1.0,0.16666666666666663,0.8333333333333334,0.10925024411677796,0.890749755883222,0.372703241702391,0.627296758297609,0.0236294464326131,0.9763705535673869,0.28582732523459264,0.0
172,1.0,0.16666666666666663,0.8333333333333334,0.08991086884708309,0.9100891311529169,0.5583943230302608,0.4416056769697392,0.08187012969439549,0.9181298703056046,0.21020000385961504,0.0
173,1.0,0.3333333333333333,0.6666666666666667,0.34791393670173965,0.6520860632982604,0.6402885682574917,0.3597114317425083,0.11614410127923205,0.883855898720768,0.43520448937907524,0.11904761904761904
174,1.0,0.16666666666666663,0.8333333333333334,0.24349201617230656,0.7565079838276935,0.3564081178760078,0.6435918821239922,0.017636203760207886,0.9823637962397921,0.3495613321227741,0.0
175,1.0,0.3333333333333333,0.6666666666666667,0.497165338679656,0.502834661320344,0.5981901206804127,0.40180987931958734,0.09679828334950286,0.9032017166504971,0.546685177664111,0.0
176,1.0,0.055555555555555546,0.9444444444444444,0.018367828227704698,0.9816321717722953,0.25652441434095546,0.7434755856590445,0.008311227865966225,0.9916887721340337,0.13103964663239173,0.0
177,1.0,0.055555555555555546,0.9444444444444444,0.014975607588743636,0.9850243924112564,0.34537757251661005,0.65462242748339,0.018341486871678064,0.981658513128322,0.10461276690429665,0.0
178,1.0,0.3333333333333333,0.6666666666666667,0.27605444919158123,0.7239455508084187,0.6365313776930872,0.3634686223069128,0.10695603057209588,0.8930439694279041,0.4258925043012658,0.11904761904761904
179,1.0,0.0,1.0,0.0,1.0,0.17540385230809186,0.8245961476919081,0.00559907796233677,0.9944009220376633,0.032354430197167904,0.0
180,1.0,0.055555555555555546,0.9444444444444444,0.028408295527908828,0.9715917044720912,0.4026313555725321,0.597368644427468,0.025228690047041813,0.9747713099529582,0.09018511620383537,0.0
181,1.0,0.22222222222222218,0.7777777777777778,0.26481995148877147,0.7351800485112285,0.4583035424114397,0.5416964575885603,0.06484065778224245,0.9351593422177575,0.3681409695034138,0.0
182,1.0,0.3333333333333333,0.6666666666666667,0.2909235276104513,0.7090764723895486,0.6809113708908512,0.3190886291091488,0.1404994861915291,0.8595005138084709,0.39924635892586813,0.11904761904761904
183,1.0,0.16666666666666663,0.8333333333333334,0.10642884959457093,0.8935711504054291,0.5771519232008246,0.42284807679917535,0.09300888196536478,0.9069911180346353,0.19581697741738033,0.0
184,1.0,0.27777777777777773,0.7222222222222223,0.4254180497461651,0.574581950253835,0.5702737275420305,0.42972627245796946,0.08159586621394632,0.9184041337860537,0.39702543185395917,0.16666666666666666
185,1.0,0.3333333333333333,0.6666666666666667,0.37204042553805183,0.6279595744619482,0.6710406183712837,0.3289593816287163,0.16976089774765743,0.8302391022523425,0.4359506469723734,0.0
186,1.0,0.3333333333333333,0.6666666666666667,0.39012205246697357,0.6098779475330265,0.5567133893073533,0.44328661069264674,0.07447166360694414,0.9255283363930559,0.5061346237114067,0.0
187,1.0,0.22222222222222218,0.7777777777777778,0.2259163599727345,0.7740836400272655,0.5049544781507362,0.49504552184926376,0.06090209321231076,0.9390979067876892,0.3233723351532609,0.0
188,1.0,0.27777777777777773,0.7222222222222223,0.3606655983411323,0.6393344016588677,0.6272203848667102,0.37277961513328983,0.11896583063862118,0.8810341693613788,0.3720665698636663,0.16666666666666666
189,1.0,0.16666666666666663,0.8333333333333334,0.061476240966283006,0.938523759033717,0.3920577293208613,0.6079422706791386,0.029285806268303533,0.9707141937316964,0.25375073604680093,0.41666666666666663
190,1.0,0.0,1.0,0.0,1.0,0.1382873839715272,0.8617126160284728,0.0034299290019667553,0.9965700709980333,0.04226979071654154,0.0
191,1.0,0.055555555555555546,0.9444444444444444,0.01240427584982905,0.9875957241501709,0.3357396611404628,0.6642603388595372,0.021477135848502724,0.9785228641514973,0.1013412693037188,0.0
192,1.0,0.0,1.0,0.0,1.0,0.452515839819276,0.547484160180724,0.07273286292946224,0.9272671370705378,0.0009640388998498122,0.0
193,1.0,0.1111111111111111,0.8888888888888888,0.027045220971399737,0.9729547790286003,0.3601300810340867,0.6398699189659133,0.04306241191423799,0.956937588085762,0.18640428714716026,0.0
194,1.0,0.1111111111111111,0.8888888888888888,0.054936046130812065,0.945063953869188,0.3663843562277756,0.6336156437722245,0.027137174567198243,0.9728628254328018,0.19641125300014578,0.0
195,1.0,0.16666666666666663,0.8333333333333334,0.4207088230143964,0.5792911769856036,0.4729991336300899,0.5270008663699102,0.0691003374881347,0.9308996625118653,0.29892063927686535,0.0
196,1.0,0.16666666666666663,0.8333333333333334,0.10860892024168192,0.8913910797583181,0.43265392436892025,0.5673460756310797,0.04951315145563645,0.9504868485443636,0.25456587601644504,0.0
197,1.0,0.16666666666666663,0.8333333333333334,0.23221232815865855,0.7677876718413414,0.3986453327015502,0.6013546672984498,0.042070548712576775,0.9579294512874232,0.31653495529954606,0.0
198,1.0,0.055555555555555546,0.9444444444444444,0.19142298627066875,0.8085770137293312,0.1862612306495382,0.8137387693504619,0.006065710454410312,0.9939342895455897,0.22582605434715017,0.0
199,1.0,0.1111111111111111,0.8888888888888888,0.046366331913012274,0.9536336680869877,0.43125824710049315,0.5687417528995069,0.05950179057742412,0.9404982094225759,0.17384967459606543,0.0
200,1.0,0.0,1.0,0.0,1.0,0.3262550366251688,0.6737449633748311,0.028866741506400673,0.9711332584935993,0.009170425940282695,0.0
201,1.0,0.0,1.0,0.0,1.0,0.43265392436892025,0.5673460756310797,0.0649318422497544,0.9350681577502455,0.005010265318983305,0.0
202,1.0,0.0,1.0,0.0,1.0,0.327432356931918,0.672567643068082,0.01736087003928721,0.9826391299607128,0.013281475382555957,0.0
203,1.0,0.0,1.0,0.0,1.0,0.33216516104216637,0.6678348389578337,0.018034405299477117,0.9819655947005229,0.010685222597295216,0.0
204,1.0,0.0,1.0,0.0,1.0,0.11156411673331221,0.8884358832666878,0.0011022399343125987,0.9988977600656874,0.04928789579145839,0.0
205,1.0,0.0,1.0,0.0,1.0,0.0,1.0,0.0,1.0,0.09716042248186842,0.0
206,1.0,0.0,1.0,0.0,1.0,0.2766730328495035,0.7233269671504965,0.01073088395305213,0.9892691160469479,0.019741770958113313,0.0
207,1.0,0.0,1.0,0.0,1.0,0.32156906867157303,0.6784309313284269,0.015027524557077628,0.9849724754429223,0.012001533884399925,0.0
208,1.0,0.0,1.0,0.0,1.0,0.4354543712658295,0.5645456287341706,0.06513894945228252,0.9348610505477175,0.0015620288316944481,0.0
209,1.0,0.0,1.0,0.0,1.0,0.3986453327015502,0.6013546672984498,0.04478918455452597,0.955210815445474,0.004125997418907289,0.0
210,1.0,0.0,1.0,0.0,1.0,0.4700338025146209,0.5299661974853791,0.07643357381989602,0.923566426180104,0.0,0.0
211,1.0,0.0,1.0,0.0,1.0,0.4106798106986042,0.5893201893013957,0.05335451385185441,0.9466454861481456,0.002983575673393824,0.0
212,1.0,0.0,1.0,0.0,1.0,0.35764624031430753,0.6423537596856925,0.029230002216878274,0.9707699977831217,0.008190890937652632,0.0
213,1.0,0.0,1.0,0.0,1.0,0.43405262913684495,0.565947370863155,0.06722258935146698,0.932777410648533,0.000610111664192446,0.0
214,1.0,0.0,1.0,0.0,1.0,0.34903206930741354,0.6509679306925864,0.03110102752892037,0.9688989724710796,0.008048026353288495,0.0
215,1.0,0.0,1.0,0.0,1.0,0.3262550366251688,0.6737449633748311,0.02654958246837379,0.9734504175316262,0.009744478118684079,0.0
216,1.0,0.0,1.0,0.0,1.0,0.38553889006731934,0.6144611099326807,0.050561079213881255,0.9494389207861187,0.0058573256900847385,0.0
217,1.0,0.0,1.0,0.0,1.0,0.26175691568493425,0.7382430843150658,0.01088409854241809,0.9891159014575819,0.01760128894846968,0.0
218,1.0,0.0,1.0,0.0,1.0,0.1862612306495382,0.8137387693504619,0.006111513501837089,0.9938884864981629,0.031952444954727315,0.0
219,1.0,0.0,1.0,0.0,1.0,0.4215724567338897,0.5784275432661103,0.05764998973394533,0.9423500102660547,0.003512904342166489,0.0
220,1.0,0.0,1.0,0.0,1.0,0.2766730328495035,0.7233269671504965,0.013234381919978685,0.9867656180800213,0.02162790237941918,0.0
221,1.0,0.0,1.0,0.0,1.0,0.3999712009215707,0.6000287990784293,0.05731524966828029,0.9426847503317197,0.002399301480528983,0.0
222,1.0,0.0,1.0,0.0,1.0,0.37652600371283695,0.623473996287163,0.04665939532720047,0.9533406046727996,0.003426426450234954,0.0
223,1.0,0.0,1.0,0.0,1.0,0.35025517675261136,0.6497448232473886,0.024523059725672154,0.9754769402743279,0.013216532834874846,0.0
224,1.0,0.0,1.0,0.0,1.0,0.40664276712422087,0.5933572328757791,0.05376674516655337,0.9462332548334467,0.0025056605284128454,0.0
225,1.0,0.0,1.0,0.0,1.0,0.43265392436892025,0.5673460756310797,0.06493184224975443,0.9350681577502455,0.005010265318983305,0.0
226,1.0,0.0,1.0,0.0,1.0,0.382950367647059,0.6170496323529411,0.04611859268862153,0.9538814073113785,0.003992243357849221,0.0
227,1.0,0.0,1.0,0.0,1.0,0.43125824710049315,0.5687417528995069,0.07156642828698295,0.928433571713017,0.004987461145034525,0.0
228,1.0,0.0,1.0,0.0,1.0,0.24111653215462636,0.7588834678453736,0.011552796819995766,0.9884472031800042,0.02025650580281703,0.0
229,1.0,0.0,1.0,0.0,1.0,0.41474273275743867,0.5852572672425613,0.04854504892610255,0.9514549510738974,0.0035103733160948966,0.0
230,1.0,0.0,1.0,0.0,1.0,0.32156906867157303,0.6784309313284269,0.01917637963606843,0.9808236203639316,0.010305141678584113,0.0
231,1.0,0.0,1.0,0.0,1.0,0.34537757251661005,0.65462242748339,0.022967892173320053,0.9770321078266799,0.010316662042015775,0.0
232,1.0,0.0,1.0,0.0,1.0,0.25340834264506346,0.7465916573549365,0.011994921334210608,0.9880050786657893,0.025780573353636062,0.0
233,1.0,0.0,1.0,0.0,1.0,0.3146092993389196,0.6853907006610804,0.030689701823053795,0.9693102981769463,0.012543691271027002,0.0
234,1.0,0.0,1.0,0.0,1.0,0.3651283642073592,0.6348716357926407,0.037080076909645945,0.962919923090354,0.006636997357286975,0.0
235,1.0,0.0,1.0,0.0,1.0,0.2596580249019274,0.7403419750980726,0.00864345733105338,0.9913565426689466,0.03017006857361378,0.0
236,1.0,0.0,1.0,0.0,1.0,0.28100811852639546,0.7189918814736045,0.022674252938641403,0.9773257470613586,0.013482645409105792,0.0
237,1.0,0.0,1.0,0.0,1.0,0.3369359415143827,0.6630640584856173,0.029839230127799397,0.9701607698722006,0.007247008545133283,0.0
238,1.0,0.0,1.0,0.0,1.0,0.3345457757222463,0.6654542242777537,0.02725084255431549,0.9727491574456845,0.008098459372199059,0.0
239,1.0,0.0,1.0,0.0,1.0,0.05516012047452216,0.9448398795254779,0.00033668708132220316,0.9996633129186778,0.058497540775554566,0.0
240,1.0,0.0,1.0,0.0,1.0,0.2596580249019274,0.7403419750980726,0.008643457331053374,0.9913565426689466,0.03017006857361378,0.0
241,1.0,0.0,1.0,0.0,1.0,0.4012998722456501,0.5987001277543499,0.03643860848656568,0.9635613915134343,0.0067863489075548405,0.0
242,1.0,0.0,1.0,0.0,1.0,0.3894420024078169,0.6105579975921831,0.053895054953266984,0.946104945046733,0.004249432749520879,0.0
243,1.0,0.0,1.0,0.0,1.0,0.3262550366251688,0.6737449633748311,0.024252455290425825,0.9757475447095741,0.010689810037477246,0.0
244,1.0,0.0,1.0,0.0,1.0,0.32040337041209804,0.6795966295879019,0.02171582976056053,0.9782841702394395,0.01250863864949306,0.0
245,1.0,0.0,1.0,0.0,1.0,0.39074849493828406,0.609251505061716,0.04914773071032076,0.9508522692896793,0.0025958699798545788,0.0
246,1.0,0.0,1.0,0.0,1.0,0.43125824710049315,0.5687417528995069,0.07156642828698295,0.928433571713017,0.004987461145034525,0.0
247,1.0,0.0,1.0,0.0,1.0,0.2350721189226317,0.7649278810773683,0.006516556495621452,0.9934834435043786,0.025246072736506156,0.0
248,1.0,0.0,1.0,0.0,1.0,0.3894420024078169,0.6105579975921831,0.03125163923131294,0.9687483607686871,0.008296652469590125,0.0
249,1.0,0.0,1.0,0.0,1.0,0.3227370775321571,0.6772629224678429,0.024515800715845495,0.9754841992841545,0.00822207312205704,0.0
