"node_id","weight","deg_centrality","r_degree","betweenness","r_betweenness","closeness","r_closeness","eigenvector","r_eigenvector","pagerank","ccf"
0,1.0,0.5294117647058824,0.47058823529411764,0.20970550304283492,0.790294496957165,0.8197091685836344,0.1802908314163656,0.5756239009212367,0.4243760990787633,0.5170128907907289,0.4666666666666667
1,1.0,0.8823529411764705,0.11764705882352955,0.5142647484244958,0.48573525157550423,0.8786393345216873,0.1213606654783127,0.7182112984023091,0.28178870159769087,0.8924376429099226,0.17500000000000002
2,1.0,0.6470588235294118,0.3529411764705882,0.21734417661262218,0.7826558233873778,0.8271801006517614,0.1728198993482386,0.6675217503191554,0.3324782496808446,0.5891464473074217,0.36363636363636365
3,1.0,0.7058823529411764,0.2941176470588236,0.28666599165269946,0.7133340083473005,0.8839490933855452,0.11605090661445483,0.7055757228336154,0.29442427716638464,0.6441167436494295,0.3461538461538462
4,1.0,0.8235294117647058,0.17647058823529416,0.3473755779374323,0.6526244220625677,0.891971614227086,0.10802838577291396,0.748565339031477,0.25143466096852296,0.7878334153287437,0.14285714285714285
5,1.0,0.41176470588235287,0.5882352941176472,0.09206771414645508,0.9079322858535449,0.6930457007705807,0.3069542992294193,0.39085268580844823,0.6091473141915518,0.37758952673722923,0.10714285714285714
6,1.0,0.41176470588235287,0.5882352941176472,0.30651506527103417,0.6934849347289658,0.7976673427991885,0.2023326572008115,0.38977305401751294,0.6102269459824871,0.4429126984696503,0.21428571428571427
7,1.0,0.41176470588235287,0.5882352941176472,0.25369198013298583,0.7463080198670142,0.7191157095249165,0.28088429047508345,0.37419708219814474,0.6258029178018553,0.4044769443001931,0.10714285714285714
8,1.0,0.41176470588235287,0.5882352941176472,0.03649258459988687,0.9635074154001131,0.7667782560178542,0.2332217439821458,0.5178199602276072,0.48218003977239277,0.34804889974988473,0.5357142857142858
9,1.0,0.5882352941176471,0.4117647058823529,0.20941542604937272,0.7905845739506273,0.8221925133689839,0.1778074866310161,0.5289458424612863,0.4710541575387137,0.5270948705360263,0.05454545454545454
10,1.0,0.41176470588235287,0.5882352941176472,0.06217026475790911,0.9378297352420909,0.7369585650505207,0.2630414349494793,0.4291849559607271,0.570815044039273,0.36084791843144376,0.21428571428571427
11,1.0,0.41176470588235287,0.5882352941176472,0.17139630754110385,0.8286036924588962,0.7038089387190908,0.2961910612809092,0.35341531534475334,0.6465846846552467,0.4298037294166383,0.32142857142857145
12,1.0,0.5882352941176471,0.4117647058823529,0.09625070021916204,0.903749299780838,0.7621224165341812,0.23787758346581878,0.6363673210385247,0.36363267896147533,0.5141561107951013,0.21818181818181817
13,1.0,0.35294117647058826,0.6470588235294117,0.05519331396540091,0.944806686034599,0.6909097836025601,0.30909021639743994,0.3422289122741897,0.6577710877258103,0.3151780102524484,0.14285714285714285
14,1.0,0.7647058823529411,0.23529411764705888,0.27913198973759207,0.7208680102624079,0.9164645239539112,0.0835354760460888,0.7432361677836182,0.25676383221638177,0.6787938979828831,0.2637362637362638
15,1.0,0.5882352941176471,0.4117647058823529,0.15009222624337012,0.8499077737566298,0.8372396913631461,0.16276030863685387,0.6905140312069966,0.3094859687930034,0.5141221043841773,0.16363636363636364
16,1.0,0.5882352941176471,0.4117647058823529,0.20789040144385137,0.7921095985561486,0.7952519850915574,0.20474801490844263,0.46373692904607705,0.5362630709539229,0.547452116695552,0.05454545454545454
17,1.0,0.5882352941176471,0.4117647058823529,0.38098462796413646,0.6190153720358635,0.8577032810271039,0.14229671897289609,0.4872032773843348,0.5127967226156652,0.5784233691543843,0.16363636363636364
18,1.0,0.7058823529411764,0.2941176470588236,0.147863521479916,0.852136478520084,0.8602941176470588,0.13970588235294124,0.6845684188660727,0.31543158113392733,0.612782624828584,0.23076923076923078
19,1.0,0.6470588235294118,0.3529411764705882,0.18770559632505604,0.812294403674944,0.8321957474973111,0.16780425250268893,0.6832521916370906,0.3167478083629094,0.5753014349646973,0.36363636363636365
20,1.0,0.7647058823529411,0.23529411764705888,0.27512781069711884,0.7248721893028811,0.8654980616888589,0.1345019383111411,0.7182620419288785,0.28173795807112145,0.6955343671495599,0.3626373626373627
21,1.0,0.4705882352941176,0.5294117647058825,0.26218938196674846,0.7378106180332515,0.7738095238095238,0.22619047619047616,0.44935515055171543,0.5506448494482845,0.45331616948095643,0.25
22,1.0,0.5294117647058824,0.47058823529411764,0.09763658483990176,0.9023634151600982,0.7551856543424907,0.24481434565750926,0.5322412481170182,0.46775875188298177,0.4656161604156492,0.06666666666666668
23,1.0,0.5294117647058824,0.47058823529411764,0.16478654284361544,0.8352134571563845,0.7551856543424907,0.24481434565750926,0.4933160854570606,0.5066839145429394,0.4985379534709525,0.13333333333333336
24,1.0,0.5882352941176471,0.4117647058823529,0.28730255568068935,0.7126974443193106,0.7598039215686274,0.24019607843137258,0.5243718250228716,0.4756281749771284,0.6025493323361797,0.16363636363636364
25,1.0,0.5882352941176471,0.4117647058823529,0.09190631138993767,0.9080936886100623,0.8147632311977714,0.1852367688022286,0.6742286753796021,0.32577132462039793,0.5021791948215332,0.4909090909090909
26,1.0,0.41176470588235287,0.5882352941176472,0.2112292612464171,0.788770738753583,0.6452807823381241,0.35471921766187586,0.26703921092347715,0.7329607890765228,0.4695059391829843,0.10714285714285714
27,1.0,0.7058823529411764,0.2941176470588236,0.35635728836648317,0.6436427116335168,0.8197091685836344,0.1802908314163656,0.6953190010904073,0.30468099890959266,0.7305095306397574,0.15384615384615385
28,1.0,0.8235294117647058,0.17647058823529416,0.2633882234939481,0.7366117765060519,0.8839490933855452,0.11605090661445483,0.8578865364650538,0.14211346353494625,0.724122996135317,0.2571428571428572
29,1.0,0.7058823529411764,0.2941176470588236,0.4005813626759337,0.5994186373240663,0.8321957474973111,0.16780425250268893,0.5187342542394869,0.48126574576051306,0.7163365913038515,0.11538461538461539
30,1.0,0.6470588235294118,0.3529411764705882,0.2803501034258298,0.7196498965741702,0.8759959315138159,0.12400406848618406,0.7256313065581199,0.2743686934418801,0.5741311104703951,0.2272727272727273
31,1.0,0.7058823529411764,0.2941176470588236,0.34926087734990646,0.6507391226500936,0.8602941176470588,0.13970588235294124,0.6426049931751768,0.35739500682482317,0.6455354750895388,0.07692307692307693
32,1.0,0.29411764705882354,0.7058823529411764,0.05593443693410133,0.9440655630658987,0.6887793927402786,0.31122060725972145,0.25969175433931574,0.7403082456606842,0.2707503286489737,0.0
33,1.0,0.7647058823529411,0.23529411764705888,0.15931559522575897,0.840684404774241,0.8654980616888589,0.1345019383111411,0.9053313274358838,0.09466867256411615,0.6576029365519738,0.3626373626373627
34,1.0,0.5294117647058824,0.47058823529411764,0.155226485553218,0.8447735144467821,0.7880456709432744,0.21195432905672562,0.4934953043211142,0.5065046956788858,0.4811241002980658,0.13333333333333336
35,1.0,0.8235294117647058,0.17647058823529416,0.3299421332330758,0.6700578667669241,0.935968137254902,0.06403186274509798,0.9002002353035518,0.09979976469644825,0.7304262974749993,0.2857142857142857
36,1.0,0.8235294117647058,0.17647058823529416,0.2587509018900693,0.7412490981099307,0.8892896781354052,0.11071032186459484,0.8306514711012619,0.16934852889873808,0.7237395278146874,0.31428571428571433
37,1.0,0.7647058823529411,0.23529411764705888,0.3540150651695079,0.645984934830492,0.8786393345216873,0.1213606654783127,0.7103156960759005,0.2896843039240995,0.7373744247222767,0.23076923076923078
38,1.0,0.7058823529411764,0.2941176470588236,0.563123097605679,0.436876902394321,0.8892896781354052,0.11071032186459484,0.5266045004479675,0.47339549955203253,0.7097929573240337,0.11538461538461539
39,1.0,0.5882352941176471,0.4117647058823529,0.11787981229277339,0.8821201877072267,0.8525437201907788,0.14745627980922116,0.5935194555280877,0.4064805444719123,0.5134799555618059,0.21818181818181817
40,1.0,0.7647058823529411,0.23529411764705888,0.3082834512107144,0.6917165487892856,0.8786393345216873,0.1213606654783127,0.754440283144142,0.24555971685585798,0.7185255166929814,0.09890109890109891
41,1.0,0.41176470588235287,0.5882352941176472,0.1993793823454288,0.8006206176545712,0.7235410676820266,0.27645893231797336,0.3643333561725324,0.6356666438274676,0.4250328602731065,0.10714285714285714
42,1.0,0.7647058823529411,0.23529411764705888,0.16304604402878575,0.8369539559712142,0.8499749331550802,0.15002506684491979,0.8959604340415117,0.10403956595848829,0.6613629501035624,0.4945054945054945
43,1.0,0.8235294117647058,0.17647058823529416,0.2810922538345764,0.7189077461654236,0.891971614227086,0.10802838577291396,0.8224171170927871,0.1775828829072129,0.7314354159596194,0.14285714285714285
44,1.0,0.4705882352941176,0.5294117647058825,0.06508944440276389,0.9349105555972361,0.7621224165341812,0.23787758346581878,0.47542223920380583,0.5245777607961941,0.4053088886372815,0.25
45,1.0,0.8823529411764705,0.11764705882352955,0.39583939739872337,0.6041606026012767,0.9027777777777778,0.09722222222222221,0.8354336278333232,0.1645663721666768,0.8036281763053656,0.25
46,1.0,0.5294117647058824,0.47058823529411764,0.10495383064489856,0.8950461693551014,0.807395773843518,0.19260422615648198,0.5670913843117673,0.4329086156882327,0.4731486837361044,0.3333333333333333
47,1.0,0.4705882352941176,0.5294117647058825,0.25922891740496173,0.7407710825950382,0.7880456709432744,0.21195432905672562,0.41950763361361915,0.5804923663863808,0.44849162772910545,0.25
48,1.0,0.7647058823529411,0.23529411764705888,0.18456092051801568,0.8154390794819844,0.8474134334584897,0.15258656654151026,0.8028406100209039,0.1971593899790961,0.6758646331606287,0.46153846153846156
49,1.0,0.4705882352941176,0.5294117647058825,0.26215016619643877,0.7378498338035613,0.7392156862745098,0.26078431372549016,0.34459500421012196,0.655404995789878,0.5093555112539395,0.08333333333333333
50,1.0,0.9411764705882354,0.05882352941176461,0.4152470581418569,0.5847529418581431,0.935968137254902,0.06403186274509798,1.0,0.0,0.8513295102888375,0.41911764705882354
51,1.0,0.6470588235294118,0.3529411764705882,0.18701464100632118,0.8129853589936789,0.7976673427991885,0.2023326572008115,0.6493037412532928,0.3506962587467072,0.5874683180275375,0.27272727272727276
52,1.0,0.35294117647058826,0.6470588235294117,0.052359911170421256,0.9476400888295787,0.65747237981487,0.34252762018513006,0.3935450254658316,0.6064549745341684,0.3192199666419089,0.2857142857142857
53,1.0,0.11764705882352942,0.8823529411764706,0.017027165221948342,0.9829728347780516,0.5121586740931938,0.4878413259068062,0.11140970224191035,0.8885902977580896,0.1184187623156595,0.0
54,1.0,0.5882352941176471,0.4117647058823529,0.1852867511472403,0.8147132488527598,0.7714593989769819,0.2285406010230181,0.506001524211151,0.49399847578884903,0.5403253523698077,0.16363636363636364
55,1.0,0.2352941176470588,0.7647058823529412,0.015460356342804486,0.9845396436571955,0.6234015345268542,0.3765984654731458,0.27916390832283994,0.7208360916771601,0.20459553436743966,0.0
56,1.0,0.5294117647058824,0.47058823529411764,0.27528268842818776,0.7247173115718122,0.7059784698193002,0.29402153018069976,0.49945416633918616,0.5005458336608138,0.5827192228278144,0.4666666666666667
57,1.0,0.6470588235294118,0.3529411764705882,0.23999816272787036,0.7600018372721297,0.9137110726643597,0.08628892733564031,0.5655867252796839,0.4344132747203161,0.5888053977844994,0.31818181818181823
58,1.0,0.5294117647058824,0.47058823529411764,0.2585732664615402,0.7414267335384598,0.80984477124183,0.19015522875817004,0.5318985911812505,0.4681014088187495,0.48842415609402556,0.2
59,1.0,0.41176470588235287,0.5882352941176472,0.09634738011005554,0.9036526198899445,0.807395773843518,0.19260422615648198,0.4225413383755581,0.5774586616244419,0.36257711295008466,0.10714285714285714
60,1.0,0.7058823529411764,0.2941176470588236,0.2976767834470693,0.7023232165529307,0.8654980616888589,0.1345019383111411,0.6366395448138721,0.3633604551861279,0.6424488064405984,0.07692307692307693
61,1.0,0.41176470588235287,0.5882352941176472,0.04747174769495414,0.9525282523050459,0.7038089387190908,0.2961910612809092,0.46141913954635244,0.5385808604536475,0.3548958834376973,0.21428571428571427
62,1.0,0.5882352941176471,0.4117647058823529,0.32204783559729744,0.6779521644027026,0.80984477124183,0.19015522875817004,0.49908976975321406,0.5009102302467859,0.6008973046035349,0.27272727272727276
63,1.0,0.41176470588235287,0.5882352941176472,0.12294160254508218,0.8770583974549178,0.7808984249437478,0.21910157505625216,0.4972090383348433,0.5027909616651567,0.3659306528568783,0.32142857142857145
64,1.0,0.5294117647058824,0.47058823529411764,0.11415803909843213,0.8858419609015679,0.7392156862745098,0.26078431372549016,0.5132914871009828,0.4867085128990172,0.47569713435543537,0.2666666666666667
65,1.0,0.7058823529411764,0.2941176470588236,0.20194405659260614,0.7980559434073938,0.8448591901349775,0.15514080986502254,0.8584383020717082,0.14156169792829176,0.6461336211371861,0.4230769230769231
66,1.0,0.7058823529411764,0.2941176470588236,0.2615045575516036,0.7384954424483964,0.855119825708061,0.144880174291939,0.651707254842274,0.348292745157726,0.6422227631558334,0.15384615384615385
67,1.0,0.41176470588235287,0.5882352941176472,0.20262929484340794,0.797370705156592,0.7691156516880837,0.2308843483119163,0.3745276738497899,0.6254723261502101,0.3977786173681188,0.0
68,1.0,0.7647058823529411,0.23529411764705888,0.20354175198007907,0.7964582480199209,0.8577032810271039,0.14229671897289609,0.7885984617284102,0.2114015382715898,0.6765633436501256,0.23076923076923078
69,1.0,0.41176470588235287,0.5882352941176472,0.062164281742671836,0.9378357182573281,0.7302231237322514,0.2697768762677486,0.505217071041953,0.494782928958047,0.3574159736158777,0.21428571428571427
70,1.0,0.5294117647058824,0.47058823529411764,0.0990181667036883,0.9009818332963117,0.7279898714452666,0.2720101285547334,0.3172685811162239,0.6827314188837761,0.502254356542959,0.2666666666666667
71,1.0,0.5882352941176471,0.4117647058823529,0.10849273580465699,0.891507264195343,0.7667782560178542,0.2332217439821458,0.6362119010506013,0.3637880989493987,0.5054753991033696,0.3818181818181818
72,1.0,0.4705882352941176,0.5294117647058825,0.1432024919940925,0.8567975080059075,0.855119825708061,0.144880174291939,0.4256055866026442,0.5743944133973558,0.42186207436646866,0.16666666666666666
73,1.0,0.5882352941176471,0.4117647058823529,0.31220882850799814,0.6877911714920019,0.8759959315138159,0.12400406848618406,0.49777338265300275,0.5022266173469973,0.5443531757769607,0.10909090909090909
74,1.0,0.4705882352941176,0.5294117647058825,0.16334194770885693,0.8366580522911431,0.7832743220407177,0.21672567795928233,0.31637551289132027,0.6836244871086797,0.4477675564150084,0.16666666666666666
75,1.0,0.8823529411764705,0.11764705882352955,0.4120269833805213,0.5879730166194788,0.9082283939968949,0.09177160600310508,0.5852667958043525,0.4147332041956475,0.8364091150850081,0.25
76,1.0,0.7058823529411764,0.2941176470588236,0.3704953315171319,0.6295046684828681,0.7551856543424907,0.24481434565750926,0.42896975926279124,0.5710302407372088,0.7628508101642503,0.3076923076923077
77,1.0,0.5882352941176471,0.4117647058823529,0.21515894640432545,0.7848410535956746,0.8296844018506278,0.17031559814937225,0.4871776831590899,0.5128223168409101,0.5413302865148778,0.27272727272727276
78,1.0,0.7058823529411764,0.2941176470588236,0.29969575801888143,0.7003042419811185,0.8892896781354052,0.11071032186459484,0.6703303588797033,0.32966964112029673,0.6686563278650095,0.15384615384615385
79,1.0,0.4705882352941176,0.5294117647058825,0.2335875543270626,0.7664124456729374,0.8197091685836344,0.1802908314163656,0.39177909582906634,0.6082209041709337,0.4496736576772056,0.3333333333333333
80,1.0,0.5294117647058824,0.47058823529411764,0.13464872869218467,0.8653512713078153,0.8025181026767553,0.19748189732324473,0.4374568944531499,0.5625431055468502,0.4793724645088049,0.2666666666666667
81,1.0,0.1764705882352941,0.8235294117647058,0.030452113993076842,0.9695478860069232,0.6059401647636942,0.39405983523630583,0.15893997565719928,0.8410600243428007,0.17050638025605536,0.0
82,1.0,0.29411764705882354,0.7058823529411764,0.04640042628187725,0.9535995737181228,0.695187165775401,0.30481283422459904,0.27815472547709724,0.7218452745229027,0.27320074036426567,0.8
83,1.0,0.8235294117647058,0.17647058823529416,0.5471996932106552,0.4528003067893448,0.80984477124183,0.19015522875817004,0.3988761579339886,0.6011238420660114,0.9667358633172058,0.1142857142857143
84,1.0,0.6470588235294118,0.3529411764705882,0.17779113664242488,0.8222088633575751,0.7976673427991885,0.2023326572008115,0.4760268070491309,0.5239731929508691,0.6014818152104168,0.36363636363636365
85,1.0,0.5882352941176471,0.4117647058823529,0.28680698273298666,0.7131930172670133,0.7574916759156494,0.24250832408435063,0.34545951850814144,0.6545404814918585,0.6144378352026214,0.16363636363636364
86,1.0,0.7647058823529411,0.23529411764705888,0.19057557107447093,0.809424428925529,0.8372396913631461,0.16276030863685387,0.7657074253847732,0.2342925746152268,0.6698907687737037,0.2967032967032967
87,1.0,0.29411764705882354,0.7058823529411764,0.027575381936548918,0.972424618063451,0.65747237981487,0.34252762018513006,0.22457658164949193,0.7754234183505081,0.26788967066558533,0.4
88,1.0,0.5294117647058824,0.47058823529411764,0.13633887105320378,0.8636611289467963,0.792843272109394,0.20715672789060602,0.4991505337531139,0.5008494662468861,0.47391467434101586,0.13333333333333336
89,1.0,0.0588235294117647,0.9411764705882353,0.0015772070457499478,0.9984227929542501,0.3922868192876302,0.6077131807123698,0.04370398174920958,0.9562960182507905,0.06560920523352105,0.0
90,1.0,0.35294117647058826,0.6470588235294117,0.17913306397949147,0.8208669360205085,0.6803126656067834,0.3196873343932166,0.2874452501556401,0.7125547498443598,0.3844632148526228,0.0
91,1.0,0.5294117647058824,0.47058823529411764,0.1865829011574825,0.8134170988425176,0.7667782560178542,0.2332217439821458,0.27963674823126494,0.7203632517687351,0.5243270163173043,0.06666666666666668
92,1.0,0.35294117647058826,0.6470588235294117,0.06758696507285955,0.9324130349271404,0.7038089387190908,0.2961910612809092,0.31338109490764027,0.6866189050923597,0.3294080708050899,0.2857142857142857
93,1.0,0.29411764705882354,0.7058823529411764,0.03360938710654224,0.9663906128934577,0.5907399456132819,0.4092600543867181,0.18602087395293787,0.8139791260470621,0.2860530702344182,0.2
94,1.0,0.5882352941176471,0.4117647058823529,0.38766214873457144,0.6123378512654285,0.8000893727656807,0.1999106272343193,0.3380602569719575,0.6619397430280425,0.6437459251684117,0.05454545454545454
95,1.0,0.4705882352941176,0.5294117647058825,0.19840747984692372,0.8015925201530762,0.7038089387190908,0.2961910612809092,0.2618052302505534,0.7381947697494466,0.4898456308088203,0.3333333333333333
96,1.0,0.35294117647058826,0.6470588235294117,0.11277627828151467,0.8872237217184853,0.6866545067639459,0.3133454932360541,0.191047490207279,0.808952509792721,0.3456793990397704,0.14285714285714285
97,1.0,0.6470588235294118,0.3529411764705882,0.4098234359106573,0.5901765640893427,0.8049535603715169,0.19504643962848311,0.37072771063122023,0.6292722893687798,0.6719239401416953,0.13636363636363638
98,1.0,0.35294117647058826,0.6470588235294117,0.06056792961712909,0.9394320703828709,0.7460233089219622,0.2539766910780378,0.4113961914625,0.5886038085375,0.3088790938270089,0.0
99,1.0,0.29411764705882354,0.7058823529411764,0.04505276711776021,0.9549472328822398,0.65747237981487,0.34252762018513006,0.22530326612563356,0.7746967338743664,0.270326367348942,0.0
100,1.0,0.4705882352941176,0.5294117647058825,0.21302216229147294,0.786977837708527,0.7528858317520555,0.24711416824794452,0.3358585530601428,0.6641414469398572,0.49055762096307587,0.16666666666666666
101,1.0,0.7058823529411764,0.2941176470588236,0.27030758120006537,0.7296924187999346,0.8474134334584897,0.15258656654151026,0.5342061785209631,0.4657938214790369,0.6602381769575094,0.23076923076923078
102,1.0,0.2352941176470588,0.7647058823529412,0.08544955562197257,0.9145504443780275,0.6452807823381241,0.35471921766187586,0.13009005910689084,0.8699099408931091,0.25060205860152635,0.0
103,1.0,0.7058823529411764,0.2941176470588236,0.21518016550846913,0.7848198344915309,0.8221925133689839,0.1778074866310161,0.4402424945232313,0.5597575054767687,0.6715920706253622,0.2692307692307693
104,1.0,0.35294117647058826,0.6470588235294117,0.09687135721351456,0.9031286427864854,0.7059784698193002,0.29402153018069976,0.2254867061962325,0.7745132938037675,0.35073732189600243,0.14285714285714285
105,1.0,0.4705882352941176,0.5294117647058825,0.20045735778453666,0.7995426422154633,0.7785290105128,0.2214709894872,0.3122167455739962,0.6877832544260039,0.4618637717670857,0.08333333333333333
106,1.0,0.41176470588235287,0.5882352941176472,0.27651116027888817,0.7234888397211119,0.7125212289640264,0.28747877103597363,0.23403295485902748,0.7659670451409726,0.4715944453874066,0.21428571428571427
107,1.0,0.41176470588235287,0.5882352941176472,0.09296885877360976,0.9070311412263903,0.7392156862745098,0.26078431372549016,0.35834445721394936,0.6416555427860506,0.37775765534605343,0.10714285714285714
108,1.0,1.0,0.0,1.0,0.0,1.0,0.0,0.5979171466366089,0.4020828533633911,1.0,0.07843137254901962
109,1.0,0.4705882352941176,0.5294117647058825,0.3920192328557913,0.6079807671442087,0.7392156862745098,0.26078431372549016,0.20419044739922235,0.7958095526007777,0.5605439099074778,0.16666666666666666
110,1.0,0.5294117647058824,0.47058823529411764,0.26179457669499673,0.7382054233050033,0.8347141673570835,0.16528583264291652,0.368756062307154,0.631243937692846,0.527228575906665,0.3333333333333333
111,1.0,0.4705882352941176,0.5294117647058825,0.2318309910138018,0.7681690089861982,0.7714593989769819,0.2285406010230181,0.32028273002060376,0.6797172699793963,0.4617711968894893,0.08333333333333333
112,1.0,0.29411764705882354,0.7058823529411764,0.2053942658537335,0.7946057341462665,0.7324623076322161,0.2675376923677839,0.21372975592382903,0.786270244076171,0.30259905182528213,0.2
113,1.0,0.4705882352941176,0.5294117647058825,0.18278921550225646,0.8172107844977435,0.8172327508409222,0.18276724915907783,0.37843634826634087,0.6215636517336591,0.44893388787505595,0.25
114,1.0,0.1764705882352941,0.8235294117647058,0.016067884739475045,0.9839321152605249,0.5189709294390611,0.4810290705609389,0.12840061438703984,0.8715993856129601,0.17608033313417049,0.5
115,1.0,0.41176470588235287,0.5882352941176472,0.16693225327187622,0.8330677467281238,0.7081536803202956,0.2918463196797044,0.2529361815371747,0.7470638184628253,0.407292958554609,0.10714285714285714
116,1.0,0.5882352941176471,0.4117647058823529,0.3639026986401203,0.6360973013598796,0.7598039215686274,0.24019607843137258,0.2592550666118619,0.7407449333881382,0.6622521105238666,0.10909090909090909
117,1.0,0.41176470588235287,0.5882352941176472,0.054410845479388764,0.9455891545206112,0.6909097836025601,0.30909021639743994,0.30164154751053923,0.6983584524894608,0.3828492829344789,0.6428571428571429
118,1.0,0.4705882352941176,0.5294117647058825,0.14939118437842774,0.8506088156215723,0.7324623076322161,0.2675376923677839,0.26698123026778375,0.7330187697322162,0.46677607821539574,0.08333333333333333
119,1.0,0.5294117647058824,0.47058823529411764,0.1614095513471113,0.8385904486528887,0.8025181026767553,0.19748189732324473,0.41640753266157593,0.5835924673384241,0.4895841088297933,0.4
120,1.0,0.2352941176470588,0.7647058823529412,0.042664278601404024,0.957335721398596,0.6059401647636942,0.39405983523630583,0.17614721557216156,0.8238527844278385,0.22844910528756873,0.0
121,1.0,0.2352941176470588,0.7647058823529412,0.08893431708005153,0.9110656829199485,0.5594019490990675,0.4405980509009325,0.08648858433078839,0.9135114156692116,0.2675289757633906,0.0
122,1.0,0.0588235294117647,0.9411764705882353,0.005855237701348446,0.9941447622986516,0.43811274509803916,0.5618872549019609,0.05174366189164146,0.9482563381083585,0.06495379223931348,0.0
123,1.0,0.1764705882352941,0.8235294117647058,0.044011861407237084,0.9559881385927629,0.5206838833094214,0.4793161166905786,0.09212555159254039,0.9078744484074596,0.19278798688760126,0.0
124,1.0,0.2352941176470588,0.7647058823529412,0.15540531478198705,0.844594685218013,0.5813891457429404,0.4186108542570596,0.12741806386500903,0.8725819361349909,0.3036989225140376,0.0
125,1.0,0.29411764705882354,0.7058823529411764,0.19234483096883995,0.8076551690311601,0.641257759385161,0.35874224061483895,0.15039036856390828,0.8496096314360917,0.3581456200196173,0.2
126,1.0,0.2352941176470588,0.7647058823529412,0.1335601368022642,0.8664398631977358,0.3965894868585733,0.6034105131414267,0.05436951598419557,0.9456304840158044,0.3325006347149511,0.30000000000000004
127,1.0,0.35294117647058826,0.6470588235294117,0.28432740088834946,0.7156725991116506,0.7125212289640264,0.28747877103597363,0.20383256221430887,0.7961674377856911,0.45293123942046803,0.0
128,1.0,0.29411764705882354,0.7058823529411764,0.06299749430652846,0.9370025056934715,0.6253658179689786,0.3746341820310214,0.17610240780359418,0.8238975921964058,0.30131879534935163,0.2
129,1.0,0.41176470588235287,0.5882352941176472,0.12851366603252984,0.8714863339674701,0.6719326655117873,0.3280673344882127,0.21658541295155578,0.7834145870484442,0.41204166505570944,0.42857142857142855
130,1.0,0.35294117647058826,0.6470588235294117,0.1818011182974488,0.8181988817025512,0.7169117647058824,0.28308823529411764,0.16940054048916595,0.830599459510834,0.37549475117587283,0.0
131,1.0,0.41176470588235287,0.5882352941176472,0.19966311850141766,0.8003368814985823,0.695187165775401,0.30481283422459904,0.2457537608755722,0.7542462391244278,0.43237602717803075,0.32142857142857145
132,1.0,0.5882352941176471,0.4117647058823529,0.29494575897495295,0.7050542410250471,0.7644471861816444,0.23555281381835558,0.2291103792559701,0.7708896207440299,0.6101043637209647,0.16363636363636364
133,1.0,0.2352941176470588,0.7647058823529412,0.26237540990871533,0.7376245900912847,0.5648395721925135,0.43516042780748654,0.11077193589235532,0.8892280641076447,0.3174890964271784,0.0
134,1.0,0.5294117647058824,0.47058823529411764,0.19052762613918223,0.8094723738608178,0.7059784698193002,0.29402153018069976,0.27915645273509754,0.7208435472649024,0.5321908748533316,0.2
135,1.0,0.11764705882352942,0.8823529411764706,0.024810723856457346,0.9751892761435427,0.4709678484188288,0.5290321515811711,0.07595096498828112,0.9240490350117189,0.1509998574757813,0.0
136,1.0,0.11764705882352942,0.8823529411764706,0.04215901561703251,0.9578409843829675,0.4757882882882884,0.5242117117117115,0.06848134776996842,0.9315186522300316,0.1411676603057014,0.0
137,1.0,0.29411764705882354,0.7058823529411764,0.11163409463861756,0.8883659053613824,0.6214421252371914,0.37855787476280855,0.16772780743103655,0.8322721925689635,0.30693769877211197,0.0
138,1.0,0.35294117647058826,0.6470588235294117,0.11284669565871334,0.8871533043412867,0.6234015345268542,0.3765984654731458,0.17716999590036886,0.8228300040996311,0.3632453665635042,0.14285714285714285
139,1.0,0.11764705882352942,0.8823529411764706,0.016599194019517614,0.9834008059804824,0.41852146263910983,0.5814785373608902,0.052591823704037796,0.9474081762959622,0.1391344241505361,1.0
140,1.0,0.41176470588235287,0.5882352941176472,0.2690105609380703,0.7309894390619297,0.6533879374534625,0.34661206254653754,0.16140175805161397,0.8385982419483861,0.4862270165797606,0.21428571428571427
141,1.0,0.35294117647058826,0.6470588235294117,0.3133193202441038,0.6866806797558962,0.5795325376527423,0.42046746234725774,0.0743493208759075,0.9256506791240925,0.4898041355754918,0.0
142,1.0,0.35294117647058826,0.6470588235294117,0.12335433088474257,0.8766456691152574,0.6930457007705807,0.3069542992294193,0.20154856128958812,0.7984514387104119,0.3605492577741403,0.0
143,1.0,0.11764705882352942,0.8823529411764706,0.028205457186888706,0.9717945428131113,0.5345321012343976,0.46546789876560235,0.08348362091057308,0.916516379089427,0.12349484184257355,0.0
144,1.0,0.4705882352941176,0.5294117647058825,0.20685517615076526,0.7931448238492347,0.7235410676820266,0.27645893231797336,0.23744389132335442,0.7625561086766456,0.4842238901745286,0.25
145,1.0,0.35294117647058826,0.6470588235294117,0.3359164117589389,0.6640835882410612,0.7235410676820266,0.27645893231797336,0.27228352811776246,0.7277164718822375,0.3881219126835442,0.14285714285714285
146,1.0,0.29411764705882354,0.7058823529411764,0.20086497245302026,0.7991350275469797,0.5813891457429404,0.4186108542570596,0.11630157167989864,0.8836984283201014,0.3705565340259844,0.0
147,1.0,0.11764705882352942,0.8823529411764706,0.02159184430245856,0.9784081556975415,0.45513155317620957,0.5448684468237904,0.0809341328530381,0.9190658671469619,0.14466433122278807,0.0
148,1.0,0.0588235294117647,0.9411764705882353,0.12262811063355591,0.8773718893664441,0.21909318255953028,0.7809068174404697,0.00967607427010374,0.9903239257298962,0.20222631390805892,0.0
149,1.0,0.35294117647058826,0.6470588235294117,0.07193814926279685,0.9280618507372032,0.665703781512605,0.334296218487395,0.22849011505324004,0.77150988494676,0.33739773022117137,0.42857142857142855
150,1.0,0.41176470588235287,0.5882352941176472,0.24365056188136483,0.7563494381186352,0.7392156862745098,0.26078431372549016,0.1849913126697382,0.8150086873302618,0.4339935526874218,0.10714285714285714
151,1.0,0.41176470588235287,0.5882352941176472,0.2813678816427517,0.7186321183572483,0.7038089387190908,0.2961910612809092,0.18219284222225757,0.8178071577777424,0.456195123920771,0.0
152,1.0,0.2352941176470588,0.7647058823529412,0.14354448383723295,0.856455516162767,0.436585915855937,0.563414084144063,0.05480491102488771,0.9451950889751123,0.33274402644102624,0.30000000000000004
153,1.0,0.35294117647058826,0.6470588235294117,0.12475236883151684,0.8752476311684831,0.6472999035679844,0.3527000964320156,0.13764169669237653,0.8623583033076234,0.3758713900898208,0.42857142857142855
154,1.0,0.41176470588235287,0.5882352941176472,0.15724820632932004,0.84275179367068,0.7081536803202956,0.2918463196797044,0.20805324071851414,0.7919467592814858,0.4247363797611589,0.10714285714285714
155,1.0,0.5294117647058824,0.47058823529411764,0.21516505666042993,0.78483494333957,0.6432667406585274,0.3567332593414726,0.18397114869389294,0.816028851306107,0.5717678525918759,0.2
156,1.0,0.2352941176470588,0.7647058823529412,0.11475795969639906,0.885242040303601,0.5795325376527423,0.42046746234725774,0.11017840794626879,0.8898215920537312,0.2803140520641179,0.0
157,1.0,0.29411764705882354,0.7058823529411764,0.10052942671031492,0.899470573289685,0.6312880957626495,0.36871190423735045,0.12781125818950204,0.872188741810498,0.3213566012932037,0.6000000000000001
158,1.0,0.2352941176470588,0.7647058823529412,0.04622092808712682,0.9537790719128731,0.6452807823381241,0.35471921766187586,0.18850825835197077,0.8114917416480292,0.22284050600042443,0.0
159,1.0,0.4705882352941176,0.5294117647058825,0.11568574183385376,0.8843142581661463,0.7279898714452666,0.2720101285547334,0.3053622038556371,0.6946377961443628,0.4481385991775253,0.25
160,1.0,0.29411764705882354,0.7058823529411764,0.15555900069726988,0.8444409993027301,0.600205198358413,0.399794801641587,0.11094594594488048,0.8890540540551195,0.3564418372335457,0.4
161,1.0,0.11764705882352942,0.8823529411764706,0.038723748641833707,0.9612762513581663,0.46300551470588225,0.5369944852941178,0.03185589245003432,0.9681441075499657,0.16329994304009715,0.0
162,1.0,0.29411764705882354,0.7058823529411764,0.2028783123484768,0.7971216876515232,0.4677722152690863,0.5322277847309137,0.059611926394846596,0.9403880736051534,0.42392665933527396,0.4
163,1.0,0.1764705882352941,0.8235294117647058,0.0388519377034631,0.9611480622965369,0.4709678484188288,0.5290321515811711,0.04581080202138113,0.9541891979786189,0.21710201641225074,0.5
164,1.0,0.2352941176470588,0.7647058823529412,0.10559766455553568,0.8944023354444643,0.37395397489539745,0.6260460251046025,0.022202480081448966,0.977797519918551,0.36291461494568006,0.6000000000000001
165,1.0,0.1764705882352941,0.8235294117647058,0.08636247638373876,0.9136375236162613,0.5504251463618623,0.44957485363813765,0.09788495990123694,0.9021150400987631,0.22447262290389886,0.0
166,1.0,0.41176470588235287,0.5882352941176472,0.4212121043963428,0.5787878956036572,0.48226643598615915,0.5177335640138409,0.046200797645725614,0.9537992023542744,0.7299212717090652,0.0
167,1.0,0.35294117647058826,0.6470588235294117,0.3228840362315293,0.6771159637684707,0.5293086860912588,0.4706913139087412,0.06396506370523186,0.9360349362947682,0.5688078004685952,0.2857142857142857
168,1.0,0.11764705882352942,0.8823529411764706,0.038915506940257784,0.9610844930597422,0.35071942446043164,0.6492805755395683,0.01616960925987272,0.9838303907401272,0.19803473622869947,0.0
169,1.0,0.1764705882352941,0.8235294117647058,0.053589783942303355,0.9464102160576966,0.5504251463618623,0.44957485363813765,0.10623889277542231,0.8937611072245777,0.19814565564481737,0.5
170,1.0,0.2352941176470588,0.7647058823529412,0.14644768627778418,0.8535523137222158,0.5433199223085461,0.4566800776914539,0.08287994186765178,0.9171200581323482,0.32079848740686273,0.30000000000000004
171,1.0,0.11764705882352942,0.8823529411764706,0.07836090068849311,0.9216390993115069,0.47902005045810636,0.5209799495418936,0.053771774303217224,0.9462282256967828,0.16996987778705466,0.0
172,1.0,0.1764705882352941,0.8235294117647058,0.170972568308577,0.829027431691423,0.4244906431628026,0.5755093568371974,0.026571140697151423,0.9734288593028486,0.3198140794261096,0.0
173,1.0,0.29411764705882354,0.7058823529411764,0.08060990093115751,0.9193900990688425,0.4520063839489283,0.5479936160510717,0.03502958688429251,0.9649704131157075,0.4130125505970997,0.6000000000000001
174,1.0,0.29411764705882354,0.7058823529411764,0.41928148094096274,0.5807185190590373,0.5964052287581698,0.4035947712418302,0.07013710400647238,0.9298628959935276,0.5334784691946952,0.2
175,1.0,0.1764705882352941,0.8235294117647058,0.1217928551300979,0.8782071448699021,0.49209433203805436,0.5079056679619456,0.06639251865372948,0.9336074813462705,0.2563552420698476,0.0
176,1.0,0.11764705882352942,0.8823529411764706,0.020170872414716504,0.9798291275852835,0.30036619390839336,0.6996338060916066,0.01276606357304388,0.9872339364269561,0.19514656946562733,0.0
177,1.0,0.1764705882352941,0.8235294117647058,0.04982774363021666,0.9501722563697833,0.41852146263910983,0.5814785373608902,0.02348091822445304,0.9765190817755469,0.27129408261725085,0.5
178,1.0,0.11764705882352942,0.8823529411764706,0.05176601769812087,0.9482339823018792,0.3561130334486737,0.6438869665513263,0.012522713321526525,0.9874772866784735,0.1941258167235102,0.0
179,1.0,0.1764705882352941,0.8235294117647058,0.1318727526823359,0.8681272473176641,0.2700805490952408,0.7299194509047592,0.010313429440933556,0.9896865705590664,0.3328143752837809,0.5
180,1.0,0.29411764705882354,0.7058823529411764,0.2229582503899614,0.7770417496100386,0.5557984192487935,0.4442015807512065,0.060000845849288366,0.9399991541507117,0.39612750596638396,0.2
181,1.0,0.29411764705882354,0.7058823529411764,0.25365921025035354,0.7463407897496465,0.474177860120426,0.5258221398795739,0.025714178905294503,0.9742858210947055,0.45900243018383524,0.2
182,1.0,0.2352941176470588,0.7647058823529412,0.17544354761078565,0.8245564523892144,0.4677722152690863,0.5322277847309137,0.033597125657716616,0.9664028743422833,0.3517853281627949,0.0
183,1.0,0.2352941176470588,0.7647058823529412,0.1133696960173123,0.8866303039826877,0.5003874401994474,0.49961255980055264,0.042038441596705015,0.957961558403295,0.2972227875816108,0.30000000000000004
184,1.0,0.35294117647058826,0.6470588235294117,0.10105352780504806,0.8989464721949519,0.4411764705882354,0.5588235294117646,0.035717456819567416,0.9642825431804326,0.5045203868114803,0.2857142857142857
185,1.0,0.0588235294117647,0.9411764705882353,0.004579402640736412,0.9954205973592636,0.29296197850456496,0.707038021495435,0.010910963595012655,0.9890890364049874,0.10041674182537302,0.0
186,1.0,0.41176470588235287,0.5882352941176472,0.3221866354351656,0.6778133645648343,0.5758327427356483,0.42416725726435167,0.06569007689576692,0.9343099231042331,0.6069936505439892,0.21428571428571427
187,1.0,0.11764705882352942,0.8823529411764706,0.03482977400067736,0.9651702259993227,0.35071942446043164,0.6492805755395683,0.01555325009150965,0.9844467499084903,0.18770296945260728,0.0
188,1.0,0.35294117647058826,0.6470588235294117,0.1990533056637286,0.8009466943362714,0.5703163618388531,0.42968363816114685,0.07998273446232808,0.9200172655376719,0.45785214102619903,0.2857142857142857
189,1.0,0.2352941176470588,0.7647058823529412,0.18659190447497814,0.8134080955250218,0.5776804087135455,0.42231959128645447,0.08808590420984802,0.9119140957901519,0.3170290904731917,0.30000000000000004
190,1.0,0.1764705882352941,0.8235294117647058,0.17131508956530286,0.8286849104346972,0.43506242759685926,0.5649375724031407,0.05248192793674813,0.9475180720632519,0.31458560306015393,0.0
191,1.0,0.0,1.0,0.0,1.0,0.1381998582565556,0.8618001417434444,0.004056386095963034,0.995943613904037,0.0425037476152578,0.0
192,1.0,0.1764705882352941,0.8235294117647058,0.03315767812356089,0.9668423218764391,0.5795325376527423,0.42046746234725774,0.1887258060884758,0.8112741939115242,0.17977155204966141,0.5
193,1.0,0.11764705882352942,0.8823529411764706,0.04862902883420669,0.9513709711657933,0.47902005045810636,0.5209799495418936,0.04930552239483826,0.9506944776051618,0.15548442164441734,0.0
194,1.0,0.35294117647058826,0.6470588235294117,0.28362559434721596,0.7163744056527841,0.5241217558036021,0.4758782441963979,0.05313750813258256,0.9468624918674174,0.5291166308029669,0.0
195,1.0,0.0588235294117647,0.9411764705882353,0.012912915432513758,0.9870870845674863,0.4335422693667631,0.5664577306332369,0.03915871191026137,0.9608412880897387,0.08397982023346,0.0
196,1.0,0.0,1.0,0.0,1.0,0.19255805303151072,0.8074419469684893,0.004118510458950411,0.9958814895410496,0.028822299347651258,0.0
197,1.0,0.1764705882352941,0.8235294117647058,0.06634743415866648,0.9336525658413335,0.586986007995431,0.413013992004569,0.11860630565264679,0.8813936943473533,0.19977604529384957,0.5
198,1.0,0.11764705882352942,0.8823529411764706,0.05404603425065287,0.9459539657493471,0.502057474365893,0.497942525634107,0.06836315562201475,0.9316368443779852,0.14698064609450126,0.0
199,1.0,0.11764705882352942,0.8823529411764706,0.045874830533509395,0.9541251694664906,0.4757882882882884,0.5242117117117115,0.06085140147127783,0.9391485985287221,0.16222739934367994,0.0
200,1.0,0.0,1.0,0.0,1.0,0.36979390296264497,0.6302060970373551,0.048239582823064134,0.9517604171769358,0.0045901942032313785,0.0
201,1.0,0.0,1.0,0.0,1.0,0.1956788150042626,0.8043211849957375,0.005144555780232868,0.9948554442197671,0.03364194137848063,0.0
202,1.0,0.0,1.0,0.0,1.0,0.39515221604050743,0.6048477839594926,0.0705756554973614,0.9294243445026386,0.0008092634537848249,0.0
203,1.0,0.0,1.0,0.0,1.0,0.29788838612368024,0.7021116138763197,0.032573560826299024,0.967426439173701,0.008392088298227351,0.0
204,1.0,0.0,1.0,0.0,1.0,0.39515221604050743,0.6048477839594926,0.06639430303870934,0.9336056969612907,0.0019536614412824778,0.0
205,1.0,0.0,1.0,0.0,1.0,0.2844332855093256,0.7155667144906743,0.026322078090623174,0.9736779219093769,0.011257241696538434,0.0
206,1.0,0.0,1.0,0.0,1.0,0.35206366497216185,0.6479363350278382,0.031118478402965753,0.9688815215970342,0.008943391287796768,0.0
207,1.0,0.0,1.0,0.0,1.0,0.35746840058337387,0.6425315994166261,0.03688154008600089,0.9631184599139991,0.011473670674263284,0.0
208,1.0,0.0,1.0,0.0,1.0,0.16719496986073587,0.8328050301392641,0.0034611710167858903,0.9965388289832141,0.04027957716676227,0.0
209,1.0,0.0,1.0,0.0,1.0,0.13164846777034167,0.8683515322296583,0.001601017306622501,0.9983989826933775,0.04361479884302952,0.0
210,1.0,0.0,1.0,0.0,1.0,0.39515221604050743,0.6048477839594926,0.06714250938790445,0.9328574906120956,0.0036717593686479088,0.0
211,1.0,0.0,1.0,0.0,1.0,0.32828282828282834,0.6717171717171717,0.03181965029991027,0.9681803497000897,0.006678675244995287,0.0
212,1.0,0.0,1.0,0.0,1.0,0.4023692810457516,0.5976307189542485,0.07001893160163546,0.9299810683983646,0.0013358652882638023,0.0
213,1.0,0.0,1.0,0.0,1.0,0.2688994673013714,0.7311005326986286,0.014377892306149378,0.9856221076938506,0.014387062559275587,0.0
214,1.0,0.0,1.0,0.0,1.0,0.40091970619624595,0.599080293803754,0.06260519589677106,0.937394804103229,0.001472638516828286,0.0
215,1.0,0.0,1.0,0.0,1.0,0.3629179887722725,0.6370820112277276,0.05363058316617654,0.9463694168338235,0.004085764781461558,0.0
216,1.0,0.0,1.0,0.0,1.0,0.3629179887722725,0.6370820112277276,0.06497317999562535,0.9350268200043746,0.005516886390570234,0.0
217,1.0,0.0,1.0,0.0,1.0,0.31798891901449955,0.6820110809855005,0.01843265186977816,0.9815673481302218,0.014229159659245537,0.0
218,1.0,0.0,1.0,0.0,1.0,0.3269870006529352,0.6730129993470648,0.039733282442507914,0.960266717557492,0.007631508513317658,0.0
219,1.0,0.0,1.0,0.0,1.0,0.31798891901449955,0.6820110809855005,0.03173772683669525,0.9682622731633047,0.009394699786420437,0.0
220,1.0,0.0,1.0,0.0,1.0,0.3767418917252435,0.6232581082747565,0.08043075899023266,0.9195692410097673,0.0,0.0
221,1.0,0.0,1.0,0.0,1.0,0.16719496986073587,0.8328050301392641,0.0034611710167858868,0.9965388289832141,0.04027957716676227,0.0
222,1.0,0.0,1.0,0.0,1.0,0.23561111417387942,0.7643888858261205,0.005729433228458707,0.9942705667715412,0.04261118015602294,0.0
223,1.0,0.0,1.0,0.0,1.0,0.2991260670112072,0.7008739329887927,0.046412555120339795,0.9535874448796602,0.009670803004595791,0.0
224,1.0,0.0,1.0,0.0,1.0,0.264197809642091,0.7358021903579091,0.02438835251982528,0.9756116474801747,0.012610448085894226,0.0
225,1.0,0.0,1.0,0.0,1.0,0.2991260670112072,0.7008739329887927,0.0464125551203398,0.9535874448796602,0.009670803004595791,0.0
226,1.0,0.0,1.0,0.0,1.0,0.2267441860465116,0.7732558139534884,0.010104089700826662,0.9898959102991733,0.019530572673800584,0.0
227,1.0,0.0,1.0,0.0,1.0,0.35071942446043164,0.6492805755395683,0.036018907969270736,0.9639810920307292,0.009784916260108746,0.0
228,1.0,0.0,1.0,0.0,1.0,0.3091161837869476,0.6908838162130524,0.033608180748935214,0.9663918192510648,0.007885183451712885,0.0
229,1.0,0.0,1.0,0.0,1.0,0.35746840058337387,0.6425315994166261,0.03688154008600088,0.9631184599139991,0.011473670674263284,0.0
230,1.0,0.0,1.0,0.0,1.0,0.32569378557874773,0.6743062144212523,0.030909839621810663,0.9690901603781893,0.007619343481165879,0.0
231,1.0,0.0,1.0,0.0,1.0,0.302853814793244,0.697146185206756,0.021260599964712554,0.9787394000352875,0.012832351870092483,0.0
232,1.0,0.0,1.0,0.0,1.0,0.35746840058337387,0.6425315994166261,0.036881540086000884,0.9631184599139991,0.011473670674263284,0.0
233,1.0,0.0,1.0,0.0,1.0,0.2267441860465116,0.7732558139534884,0.011157515353465894,0.9888424846465341,0.022111577825454677,0.0
234,1.0,0.0,1.0,0.0,1.0,0.0,1.0,0.0,1.0,0.08745822021051275,0.0
235,1.0,0.0,1.0,0.0,1.0,0.03347447928587782,0.9665255207141221,6.039731559328359e-05,0.9999396026844067,0.04637736171276447,0.0
236,1.0,0.0,1.0,0.0,1.0,0.11425529807882745,0.8857447019211726,0.004235258499027347,0.9957647415009726,0.027007868899610106,0.0
237,1.0,0.0,1.0,0.0,1.0,0.32958127639326706,0.6704187236067329,0.048773812648704756,0.9512261873512953,0.005760018205330741,0.0
238,1.0,0.0,1.0,0.0,1.0,0.3629179887722725,0.6370820112277276,0.06497317999562532,0.9350268200043746,0.005516886390570234,0.0
239,1.0,0.0,1.0,0.0,1.0,0.1956788150042626,0.8043211849957375,0.005144555780232871,0.9948554442197671,0.03364194137848063,0.0
240,1.0,0.0,1.0,0.0,1.0,0.22564509075005465,0.7743549092499453,0.006128593074105506,0.9938714069258945,0.024048639212895424,0.0
241,1.0,0.0,1.0,0.0,1.0,0.1391422201955718,0.8608577798044282,0.004276517584830631,0.9957234824151694,0.027049245493035994,0.0
242,1.0,0.0,1.0,0.0,1.0,0.302853814793244,0.697146185206756,0.01839873780514254,0.9816012621948574,0.019571216108351105,0.0
243,1.0,0.0,1.0,0.0,1.0,0.3269870006529352,0.6730129993470648,0.039733282442507914,0.960266717557492,0.007631508513317658,0.0
244,1.0,0.0,1.0,0.0,1.0,0.23561111417387942,0.7643888858261205,0.0057294332284587085,0.9942705667715412,0.04261118015602294,0.0
245,1.0,0.0,1.0,0.0,1.0,0.39515221604050743,0.6048477839594926,0.06714250938790443,0.9328574906120956,0.0036717593686479088,0.0
246,1.0,0.0,1.0,0.0,1.0,0.35746840058337387,0.6425315994166261,0.046378024019610706,0.9536219759803893,0.0056323615168801695,0.0
247,1.0,0.0,1.0,0.0,1.0,0.16225619535413113,0.8377438046458688,0.0015198095371353744,0.9984801904628646,0.0320604079628138,0.0
248,1.0,0.0,1.0,0.0,1.0,0.2618604913229659,0.7381395086770342,0.013334426439004027,0.9866655735609959,0.017772359856242686,0.0
249,1.0,0.0,1.0,0.0,1.0,0.32958127639326706,0.6704187236067329,0.02365070820135182,0.9763492917986482,0.010373414701623864,0.0
