source,target,weight
1,2,1.0
3,4,1.0
3,5,1.0
1,8,1.0
4,8,1.0
5,8,1.0
3,9,1.0
2,10,1.0
4,10,1.0
1,11,1.0
5,11,1.0
7,11,1.0
0,13,1.0
8,13,1.0
3,14,1.0
4,14,1.0
5,15,1.0
6,16,1.0
3,17,1.0
6,17,1.0
11,17,1.0
12,17,1.0
3,18,1.0
4,18,1.0
10,18,1.0
11,18,1.0
16,18,1.0
1,19,1.0
4,19,1.0
16,19,1.0
4,20,1.0
0,21,1.0
5,21,1.0
0,22,1.0
1,22,1.0
5,22,1.0
13,22,1.0
16,22,1.0
21,22,1.0
4,23,1.0
9,23,1.0
10,23,1.0
14,23,1.0
20,23,1.0
13,24,1.0
18,24,1.0
22,24,1.0
6,25,1.0
16,25,1.0
24,25,1.0
7,26,1.0
15,26,1.0
16,26,1.0
24,26,1.0
4,27,1.0
8,27,1.0
13,27,1.0
15,27,1.0
0,28,1.0
2,28,1.0
12,28,1.0
21,28,1.0
14,29,1.0
1,30,1.0
2,30,1.0
21,30,1.0
9,31,1.0
21,31,1.0
25,31,1.0
27,31,1.0
10,32,1.0
22,32,1.0
5,33,1.0
6,33,1.0
23,33,1.0
2,34,1.0
3,34,1.0
13,34,1.0
21,34,1.0
1,35,1.0
4,35,1.0
7,35,1.0
9,35,1.0
18,35,1.0
28,35,1.0
13,36,1.0
16,36,1.0
17,36,1.0
22,36,1.0
25,36,1.0
30,36,1.0
1,37,1.0
31,37,1.0
35,37,1.0
18,38,1.0
25,38,1.0
33,38,1.0
34,38,1.0
35,38,1.0
36,38,1.0
10,39,1.0
28,39,1.0
30,39,1.0
32,39,1.0
34,39,1.0
11,40,1.0
16,40,1.0
24,40,1.0
28,40,1.0
29,40,1.0
38,40,1.0
12,41,1.0
27,41,1.0
32,41,1.0
39,41,1.0
1,42,1.0
9,42,1.0
26,42,1.0
27,42,1.0
33,42,1.0
39,42,1.0
41,42,1.0
17,43,1.0
20,43,1.0
33,43,1.0
37,43,1.0
7,44,1.0
17,44,1.0
30,44,1.0
33,44,1.0
38,44,1.0
41,44,1.0
7,45,1.0
14,45,1.0
17,45,1.0
43,45,1.0
0,46,1.0
10,46,1.0
11,46,1.0
12,46,1.0
16,46,1.0
23,46,1.0
40,46,1.0
10,47,1.0
11,47,1.0
15,47,1.0
17,47,1.0
27,47,1.0
41,47,1.0
21,48,1.0
22,48,1.0
32,48,1.0
47,48,1.0
17,49,1.0
21,49,1.0
22,49,1.0
33,49,1.0
43,49,1.0
47,49,1.0
9,50,1.0
13,50,1.0
32,50,1.0
34,50,1.0
14,51,1.0
19,51,1.0
26,51,1.0
29,51,1.0
41,51,1.0
42,51,1.0
44,51,1.0
13,52,1.0
23,52,1.0
24,52,1.0
36,52,1.0
38,52,1.0
43,52,1.0
44,52,1.0
5,53,1.0
14,53,1.0
23,53,1.0
37,53,1.0
41,53,1.0
42,53,1.0
7,54,1.0
8,54,1.0
13,54,1.0
14,54,1.0
15,54,1.0
16,54,1.0
27,54,1.0
37,54,1.0
38,54,1.0
47,54,1.0
53,54,1.0
22,55,1.0
28,55,1.0
31,55,1.0
41,55,1.0
51,55,1.0
10,56,1.0
17,56,1.0
21,56,1.0
33,56,1.0
44,56,1.0
45,56,1.0
49,56,1.0
1,57,1.0
14,57,1.0
19,57,1.0
26,57,1.0
29,57,1.0
36,57,1.0
12,58,1.0
19,58,1.0
23,58,1.0
33,58,1.0
36,58,1.0
51,58,1.0
1,59,1.0
3,59,1.0
5,59,1.0
24,59,1.0
27,59,1.0
30,59,1.0
38,59,1.0
44,59,1.0
46,59,1.0
51,59,1.0
57,59,1.0
1,60,1.0
9,60,1.0
26,60,1.0
28,60,1.0
30,60,1.0
42,60,1.0
44,60,1.0
46,60,1.0
49,60,1.0
54,60,1.0
57,60,1.0
0,61,1.0
3,61,1.0
6,61,1.0
7,61,1.0
11,61,1.0
21,61,1.0
26,61,1.0
28,61,1.0
33,61,1.0
34,61,1.0
36,61,1.0
52,61,1.0
57,61,1.0
3,62,1.0
10,62,1.0
17,62,1.0
20,62,1.0
39,62,1.0
49,62,1.0
0,63,1.0
6,63,1.0
12,63,1.0
14,63,1.0
18,63,1.0
23,63,1.0
24,63,1.0
38,63,1.0
43,63,1.0
53,63,1.0
4,64,1.0
11,64,1.0
24,64,1.0
35,64,1.0
41,64,1.0
42,64,1.0
43,64,1.0
45,64,1.0
50,64,1.0
52,64,1.0
59,64,1.0
60,64,1.0
16,65,1.0
19,65,1.0
30,65,1.0
36,65,1.0
39,65,1.0
43,65,1.0
60,65,1.0
63,65,1.0
14,66,1.0
18,66,1.0
23,66,1.0
24,66,1.0
34,66,1.0
48,66,1.0
63,66,1.0
2,67,1.0
5,67,1.0
19,67,1.0
20,67,1.0
29,67,1.0
35,67,1.0
37,67,1.0
38,67,1.0
39,67,1.0
54,67,1.0
5,68,1.0
16,68,1.0
19,68,1.0
23,68,1.0
32,68,1.0
46,68,1.0
50,68,1.0
51,68,1.0
52,68,1.0
53,68,1.0
2,69,1.0
17,69,1.0
36,69,1.0
39,69,1.0
40,69,1.0
43,69,1.0
48,69,1.0
50,69,1.0
63,69,1.0
62,70,1.0
33,71,1.0
35,73,1.0
36,73,1.0
52,74,1.0
48,75,1.0
56,75,1.0
3,76,1.0
3,77,1.0
28,77,1.0
3,78,1.0
53,79,1.0
55,79,1.0
53,81,1.0
32,82,1.0
11,83,1.0
25,83,1.0
49,83,1.0
60,83,1.0
10,84,1.0
50,84,1.0
55,84,1.0
17,85,1.0
18,85,1.0
38,85,1.0
42,85,1.0
54,85,1.0
3,86,1.0
19,86,1.0
2,87,1.0
9,88,1.0
23,88,1.0
51,89,1.0
41,90,1.0
68,90,1.0
16,91,1.0
33,91,1.0
54,91,1.0
69,91,1.0
0,92,1.0
51,92,1.0
55,92,1.0
50,93,1.0
8,96,1.0
11,96,1.0
19,96,1.0
27,96,1.0
38,96,1.0
60,96,1.0
62,96,1.0
2,97,1.0
48,97,1.0
5,98,1.0
39,98,1.0
61,99,1.0
25,100,1.0
30,102,1.0
35,102,1.0
61,102,1.0
0,103,1.0
17,103,1.0
62,103,1.0
17,104,1.0
50,105,1.0
53,105,1.0
17,106,1.0
18,106,1.0
10,107,1.0
6,109,1.0
32,109,1.0
61,110,1.0
26,111,1.0
32,111,1.0
34,113,1.0
3,114,1.0
45,114,1.0
63,114,1.0
69,114,1.0
13,117,1.0
14,117,1.0
33,117,1.0
64,117,1.0
65,117,1.0
68,117,1.0
3,119,1.0
52,119,1.0
67,119,1.0
61,120,1.0
34,122,1.0
5,123,1.0
69,123,1.0
69,125,1.0
10,127,1.0
11,127,1.0
26,127,1.0
1,128,1.0
12,128,1.0
28,128,1.0
35,128,1.0
40,128,1.0
23,129,1.0
65,130,1.0
14,131,1.0
60,131,1.0
22,135,1.0
52,136,1.0
27,140,1.0
34,142,1.0
59,142,1.0
51,145,1.0
45,146,1.0
38,147,1.0
45,147,1.0
65,147,1.0
13,148,1.0
38,149,1.0
6,150,1.0
8,150,1.0
6,152,1.0
15,152,1.0
51,154,1.0
0,155,1.0
60,155,1.0
55,159,1.0
58,159,1.0
63,159,1.0
4,164,1.0
10,164,1.0
33,166,1.0
5,169,1.0
24,169,1.0
25,169,1.0
30,169,1.0
29,176,1.0
17,179,1.0
44,179,1.0
20,185,1.0
33,187,1.0
19,190,1.0
4,191,1.0
45,192,1.0
35,195,1.0
65,195,1.0
0,196,1.0
50,197,1.0
5,198,1.0
17,198,1.0
24,199,1.0
26,199,1.0
51,199,1.0
72,73,1.0
70,75,1.0
73,79,1.0
71,80,1.0
75,81,1.0
73,82,1.0
76,82,1.0
78,82,1.0
77,83,1.0
80,84,1.0
74,85,1.0
76,85,1.0
78,85,1.0
83,85,1.0
84,85,1.0
72,87,1.0
78,87,1.0
79,87,1.0
73,88,1.0
75,88,1.0
86,88,1.0
71,89,1.0
75,89,1.0
82,89,1.0
85,89,1.0
81,90,1.0
85,90,1.0
88,90,1.0
74,91,1.0
77,91,1.0
78,91,1.0
74,92,1.0
73,93,1.0
89,93,1.0
84,94,1.0
91,94,1.0
79,95,1.0
90,95,1.0
80,96,1.0
82,96,1.0
89,97,1.0
93,97,1.0
72,98,1.0
88,98,1.0
94,99,1.0
98,99,1.0
74,100,1.0
92,100,1.0
95,100,1.0
98,100,1.0
99,100,1.0
83,101,1.0
96,101,1.0
73,102,1.0
79,102,1.0
88,102,1.0
91,102,1.0
74,103,1.0
80,103,1.0
87,103,1.0
99,103,1.0
74,104,1.0
75,104,1.0
78,104,1.0
84,104,1.0
90,104,1.0
94,104,1.0
99,104,1.0
100,104,1.0
102,104,1.0
70,105,1.0
82,105,1.0
92,105,1.0
95,105,1.0
96,105,1.0
101,105,1.0
76,106,1.0
78,107,1.0
82,107,1.0
88,107,1.0
90,107,1.0
100,107,1.0
101,107,1.0
72,108,1.0
73,108,1.0
91,108,1.0
93,108,1.0
101,108,1.0
104,108,1.0
74,109,1.0
76,109,1.0
82,109,1.0
86,109,1.0
95,109,1.0
70,110,1.0
75,110,1.0
98,110,1.0
104,110,1.0
85,111,1.0
89,111,1.0
97,111,1.0
98,111,1.0
101,111,1.0
107,111,1.0
85,112,1.0
90,112,1.0
96,112,1.0
97,112,1.0
100,112,1.0
105,112,1.0
89,113,1.0
102,113,1.0
77,114,1.0
78,114,1.0
89,114,1.0
106,114,1.0
111,114,1.0
76,115,1.0
84,115,1.0
85,115,1.0
110,115,1.0
78,116,1.0
79,116,1.0
83,116,1.0
93,116,1.0
106,116,1.0
107,116,1.0
108,116,1.0
112,116,1.0
71,117,1.0
74,117,1.0
92,117,1.0
98,117,1.0
101,117,1.0
105,117,1.0
114,117,1.0
116,117,1.0
70,118,1.0
90,118,1.0
101,118,1.0
102,118,1.0
90,119,1.0
91,119,1.0
103,119,1.0
111,119,1.0
76,123,1.0
80,123,1.0
81,123,1.0
97,123,1.0
117,127,1.0
105,129,1.0
81,130,1.0
114,134,1.0
108,135,1.0
76,136,1.0
83,136,1.0
89,136,1.0
101,136,1.0
105,136,1.0
80,138,1.0
107,139,1.0
105,141,1.0
116,141,1.0
77,142,1.0
101,142,1.0
80,146,1.0
83,149,1.0
93,151,1.0
82,153,1.0
90,155,1.0
93,157,1.0
91,177,1.0
71,184,1.0
87,191,1.0
121,125,1.0
124,125,1.0
123,127,1.0
124,127,1.0
126,130,1.0
124,131,1.0
124,133,1.0
127,133,1.0
124,136,1.0
125,136,1.0
134,136,1.0
120,137,1.0
123,137,1.0
121,138,1.0
132,138,1.0
136,138,1.0
128,139,1.0
129,139,1.0
130,139,1.0
128,140,1.0
131,140,1.0
132,140,1.0
139,140,1.0
129,141,1.0
133,141,1.0
138,141,1.0
140,141,1.0
122,142,1.0
124,142,1.0
133,142,1.0
120,143,1.0
131,143,1.0
131,144,1.0
133,144,1.0
128,145,1.0
132,145,1.0
140,145,1.0
142,145,1.0
128,146,1.0
131,146,1.0
145,146,1.0
121,147,1.0
124,147,1.0
126,147,1.0
130,147,1.0
137,147,1.0
122,148,1.0
125,148,1.0
130,148,1.0
142,148,1.0
122,149,1.0
130,149,1.0
135,149,1.0
140,149,1.0
131,150,1.0
136,150,1.0
137,150,1.0
145,150,1.0
120,151,1.0
122,151,1.0
140,151,1.0
141,151,1.0
122,152,1.0
126,152,1.0
145,152,1.0
125,153,1.0
130,153,1.0
140,153,1.0
147,153,1.0
141,154,1.0
148,154,1.0
151,154,1.0
137,155,1.0
133,156,1.0
134,156,1.0
135,156,1.0
141,156,1.0
124,157,1.0
125,157,1.0
128,157,1.0
136,157,1.0
143,157,1.0
147,157,1.0
121,158,1.0
131,158,1.0
133,158,1.0
142,158,1.0
145,158,1.0
124,159,1.0
135,159,1.0
155,159,1.0
128,161,1.0
155,163,1.0
127,167,1.0
156,182,1.0
153,183,1.0
146,199,1.0
160,163,1.0
162,163,1.0
162,165,1.0
162,166,1.0
161,167,1.0
160,168,1.0
165,168,1.0
160,169,1.0
161,170,1.0
162,171,1.0
164,171,1.0
166,171,1.0
168,172,1.0
166,173,1.0
171,174,1.0
163,175,1.0
163,176,1.0
161,178,1.0
175,178,1.0
177,178,1.0
171,179,1.0
175,179,1.0
176,179,1.0
162,180,1.0
169,180,1.0
172,180,1.0
173,181,1.0
160,182,1.0
163,182,1.0
166,182,1.0
168,182,1.0
175,182,1.0
165,183,1.0
180,183,1.0
165,184,1.0
173,184,1.0
175,184,1.0
179,184,1.0
177,186,1.0
165,187,1.0
175,187,1.0
183,187,1.0
184,187,1.0
163,188,1.0
161,189,1.0
163,189,1.0
180,189,1.0
182,189,1.0
185,189,1.0
167,192,1.0
178,192,1.0
177,194,1.0
191,193,1.0
192,193,1.0
194,196,1.0
195,196,1.0
190,198,1.0
193,198,1.0
195,198,1.0
197,198,1.0
112,200,1.0
127,201,1.0
7,202,1.0
159,203,1.0
10,204,1.0
175,205,1.0
177,206,1.0
158,207,1.0
64,208,1.0
176,209,1.0
19,210,1.0
147,211,1.0
97,212,1.0
42,213,1.0
188,214,1.0
96,215,1.0
102,216,1.0
198,217,1.0
108,218,1.0
132,219,1.0
94,220,1.0
191,221,1.0
199,222,1.0
54,223,1.0
22,224,1.0
121,225,1.0
136,226,1.0
50,227,1.0
126,228,1.0
71,229,1.0
123,230,1.0
35,231,1.0
126,232,1.0
59,233,1.0
87,234,1.0
166,235,1.0
74,236,1.0
161,237,1.0
178,238,1.0
152,239,1.0
51,240,1.0
56,241,1.0
193,242,1.0
151,243,1.0
43,244,1.0
84,245,1.0
53,246,1.0
85,247,1.0
124,248,1.0
177,249,1.0
