source,target,weight
0,1,1.0
2,5,1.0
5,7,1.0
3,9,1.0
8,11,1.0
9,11,1.0
1,12,1.0
6,12,1.0
8,12,1.0
0,13,1.0
3,13,1.0
12,13,1.0
1,14,1.0
11,14,1.0
5,15,1.0
9,15,1.0
11,15,1.0
4,17,1.0
10,17,1.0
8,18,1.0
17,18,1.0
6,19,1.0
11,19,1.0
14,19,1.0
17,19,1.0
9,20,1.0
16,20,1.0
19,20,1.0
17,21,1.0
0,22,1.0
5,22,1.0
11,22,1.0
14,22,1.0
15,22,1.0
17,22,1.0
6,23,1.0
12,23,1.0
11,24,1.0
20,24,1.0
21,24,1.0
12,25,1.0
13,25,1.0
18,25,1.0
20,25,1.0
21,25,1.0
22,25,1.0
3,26,1.0
25,26,1.0
1,27,1.0
3,27,1.0
19,27,1.0
21,27,1.0
9,28,1.0
16,28,1.0
19,28,1.0
20,28,1.0
21,28,1.0
3,29,1.0
4,29,1.0
13,29,1.0
24,29,1.0
0,30,1.0
1,30,1.0
19,30,1.0
22,30,1.0
24,30,1.0
25,30,1.0
27,30,1.0
29,31,1.0
2,32,1.0
12,32,1.0
18,32,1.0
19,32,1.0
27,32,1.0
3,33,1.0
6,33,1.0
17,33,1.0
28,33,1.0
30,33,1.0
32,33,1.0
11,34,1.0
20,34,1.0
23,34,1.0
26,34,1.0
33,34,1.0
13,35,1.0
14,35,1.0
18,35,1.0
22,35,1.0
25,35,1.0
28,35,1.0
2,36,1.0
8,36,1.0
11,36,1.0
26,36,1.0
27,36,1.0
30,36,1.0
1,37,1.0
3,37,1.0
6,37,1.0
30,37,1.0
6,38,1.0
8,38,1.0
19,38,1.0
21,39,1.0
28,39,1.0
29,39,1.0
33,39,1.0
8,40,1.0
18,40,1.0
19,40,1.0
21,40,1.0
23,40,1.0
39,40,1.0
11,41,1.0
18,41,1.0
25,41,1.0
32,41,1.0
24,42,1.0
25,42,1.0
33,42,1.0
36,42,1.0
39,42,1.0
6,43,1.0
8,43,1.0
18,43,1.0
24,43,1.0
0,44,1.0
3,44,1.0
11,44,1.0
14,44,1.0
20,44,1.0
23,44,1.0
24,44,1.0
26,44,1.0
1,45,1.0
6,45,1.0
11,45,1.0
23,45,1.0
32,45,1.0
6,46,1.0
16,46,1.0
39,46,1.0
7,47,1.0
12,47,1.0
29,47,1.0
32,47,1.0
34,47,1.0
4,48,1.0
11,48,1.0
12,48,1.0
15,48,1.0
18,48,1.0
21,48,1.0
24,48,1.0
31,48,1.0
9,49,1.0
33,49,1.0
34,49,1.0
36,49,1.0
43,49,1.0
44,49,1.0
46,49,1.0
6,50,1.0
14,50,1.0
16,50,1.0
27,50,1.0
33,50,1.0
42,50,1.0
44,50,1.0
45,50,1.0
45,51,1.0
47,51,1.0
4,52,1.0
6,52,1.0
14,52,1.0
22,52,1.0
34,52,1.0
36,52,1.0
41,52,1.0
43,52,1.0
50,52,1.0
0,53,1.0
1,53,1.0
5,53,1.0
19,53,1.0
30,53,1.0
38,53,1.0
3,54,1.0
19,54,1.0
28,54,1.0
29,54,1.0
30,54,1.0
37,54,1.0
47,54,1.0
49,54,1.0
0,55,1.0
1,55,1.0
4,55,1.0
12,55,1.0
17,55,1.0
28,55,1.0
53,55,1.0
4,56,1.0
18,56,1.0
27,56,1.0
28,56,1.0
29,56,1.0
43,56,1.0
55,56,1.0
18,57,1.0
19,57,1.0
22,57,1.0
23,57,1.0
24,57,1.0
25,57,1.0
37,57,1.0
47,57,1.0
48,57,1.0
45,58,1.0
47,58,1.0
0,59,1.0
1,59,1.0
32,59,1.0
39,59,1.0
9,60,1.0
10,60,1.0
13,60,1.0
37,60,1.0
39,60,1.0
41,60,1.0
5,61,1.0
20,61,1.0
49,61,1.0
53,61,1.0
59,61,1.0
30,62,1.0
33,62,1.0
36,62,1.0
41,62,1.0
0,63,1.0
10,63,1.0
16,63,1.0
22,63,1.0
25,63,1.0
27,63,1.0
33,63,1.0
54,63,1.0
57,63,1.0
8,64,1.0
14,64,1.0
21,64,1.0
37,64,1.0
50,64,1.0
52,64,1.0
57,64,1.0
0,65,1.0
10,65,1.0
34,65,1.0
35,65,1.0
40,65,1.0
41,65,1.0
53,65,1.0
61,65,1.0
63,65,1.0
64,65,1.0
17,66,1.0
26,66,1.0
49,66,1.0
60,66,1.0
63,66,1.0
1,67,1.0
8,67,1.0
10,67,1.0
24,67,1.0
26,67,1.0
32,67,1.0
37,67,1.0
39,67,1.0
42,67,1.0
55,67,1.0
15,68,1.0
38,68,1.0
43,68,1.0
46,68,1.0
51,68,1.0
52,68,1.0
54,68,1.0
12,69,1.0
21,69,1.0
22,69,1.0
24,69,1.0
27,69,1.0
29,69,1.0
32,69,1.0
35,69,1.0
43,69,1.0
56,69,1.0
57,69,1.0
2,70,1.0
49,71,1.0
68,71,1.0
50,73,1.0
63,73,1.0
10,74,1.0
28,74,1.0
43,74,1.0
62,74,1.0
24,75,1.0
15,76,1.0
20,76,1.0
28,76,1.0
53,76,1.0
61,76,1.0
15,77,1.0
34,77,1.0
64,77,1.0
67,78,1.0
26,79,1.0
55,79,1.0
5,80,1.0
47,80,1.0
57,80,1.0
32,81,1.0
31,82,1.0
58,82,1.0
25,83,1.0
47,83,1.0
67,83,1.0
66,84,1.0
13,85,1.0
33,85,1.0
54,85,1.0
45,86,1.0
34,87,1.0
8,88,1.0
25,88,1.0
14,89,1.0
46,89,1.0
57,89,1.0
50,90,1.0
20,91,1.0
35,91,1.0
62,92,1.0
35,93,1.0
61,93,1.0
29,94,1.0
43,94,1.0
55,95,1.0
64,95,1.0
68,95,1.0
2,96,1.0
20,97,1.0
58,97,1.0
40,98,1.0
43,98,1.0
13,100,1.0
27,101,1.0
47,102,1.0
33,103,1.0
69,103,1.0
25,104,1.0
35,106,1.0
41,106,1.0
63,107,1.0
3,109,1.0
33,109,1.0
7,110,1.0
67,110,1.0
3,111,1.0
13,111,1.0
47,111,1.0
28,112,1.0
9,113,1.0
25,113,1.0
39,114,1.0
26,115,1.0
41,115,1.0
3,116,1.0
23,117,1.0
15,118,1.0
42,118,1.0
12,121,1.0
69,121,1.0
20,122,1.0
32,122,1.0
50,122,1.0
56,122,1.0
14,123,1.0
52,125,1.0
55,125,1.0
31,126,1.0
21,127,1.0
0,128,1.0
6,133,1.0
39,134,1.0
47,134,1.0
36,138,1.0
43,138,1.0
34,139,1.0
19,140,1.0
59,140,1.0
10,144,1.0
46,144,1.0
40,151,1.0
58,151,1.0
22,152,1.0
30,152,1.0
16,154,1.0
44,156,1.0
41,157,1.0
3,158,1.0
7,158,1.0
68,159,1.0
43,167,1.0
46,169,1.0
56,172,1.0
44,183,1.0
3,187,1.0
45,188,1.0
40,189,1.0
23,193,1.0
27,193,1.0
28,194,1.0
19,195,1.0
25,197,1.0
22,199,1.0
70,71,1.0
70,72,1.0
70,73,1.0
72,74,1.0
73,74,1.0
70,76,1.0
73,76,1.0
70,77,1.0
72,77,1.0
75,77,1.0
70,78,1.0
71,79,1.0
73,79,1.0
79,80,1.0
77,81,1.0
78,81,1.0
71,82,1.0
74,82,1.0
76,82,1.0
78,83,1.0
74,84,1.0
71,86,1.0
76,86,1.0
80,86,1.0
84,86,1.0
70,87,1.0
73,87,1.0
79,87,1.0
83,88,1.0
86,88,1.0
87,88,1.0
71,89,1.0
76,89,1.0
78,89,1.0
70,91,1.0
73,91,1.0
90,91,1.0
88,92,1.0
78,93,1.0
80,93,1.0
82,93,1.0
87,93,1.0
88,93,1.0
73,94,1.0
87,94,1.0
78,95,1.0
81,95,1.0
77,96,1.0
94,96,1.0
95,96,1.0
73,97,1.0
74,97,1.0
85,97,1.0
80,98,1.0
86,98,1.0
79,99,1.0
84,99,1.0
87,99,1.0
97,99,1.0
71,100,1.0
76,100,1.0
78,100,1.0
86,100,1.0
90,100,1.0
99,100,1.0
79,102,1.0
80,102,1.0
89,102,1.0
92,102,1.0
93,102,1.0
97,102,1.0
74,103,1.0
78,103,1.0
80,103,1.0
83,103,1.0
95,103,1.0
74,104,1.0
77,104,1.0
85,104,1.0
91,104,1.0
79,105,1.0
83,105,1.0
86,105,1.0
89,105,1.0
96,105,1.0
101,105,1.0
79,106,1.0
88,106,1.0
89,106,1.0
92,106,1.0
97,106,1.0
98,106,1.0
71,107,1.0
77,107,1.0
78,107,1.0
84,107,1.0
94,107,1.0
96,107,1.0
84,108,1.0
87,108,1.0
97,108,1.0
105,108,1.0
107,108,1.0
70,109,1.0
72,109,1.0
73,109,1.0
82,109,1.0
106,109,1.0
93,110,1.0
107,110,1.0
75,111,1.0
76,111,1.0
83,111,1.0
95,112,1.0
101,112,1.0
109,112,1.0
110,112,1.0
72,113,1.0
73,113,1.0
77,113,1.0
80,113,1.0
81,113,1.0
94,113,1.0
96,113,1.0
103,113,1.0
107,113,1.0
71,114,1.0
87,114,1.0
104,114,1.0
107,114,1.0
111,114,1.0
112,114,1.0
73,115,1.0
80,115,1.0
81,115,1.0
96,115,1.0
83,116,1.0
87,116,1.0
90,116,1.0
98,116,1.0
100,116,1.0
102,116,1.0
105,116,1.0
107,116,1.0
108,116,1.0
112,116,1.0
72,117,1.0
79,117,1.0
80,117,1.0
90,117,1.0
100,117,1.0
103,117,1.0
70,118,1.0
76,118,1.0
83,118,1.0
100,118,1.0
105,118,1.0
113,118,1.0
116,118,1.0
73,119,1.0
84,119,1.0
96,119,1.0
102,119,1.0
103,119,1.0
115,119,1.0
108,120,1.0
104,121,1.0
77,122,1.0
99,126,1.0
78,127,1.0
74,128,1.0
80,133,1.0
119,137,1.0
91,139,1.0
107,140,1.0
112,141,1.0
109,144,1.0
112,144,1.0
117,144,1.0
107,145,1.0
90,146,1.0
77,148,1.0
94,148,1.0
117,148,1.0
93,154,1.0
114,156,1.0
111,161,1.0
110,163,1.0
82,169,1.0
87,176,1.0
117,185,1.0
115,192,1.0
101,195,1.0
108,195,1.0
107,197,1.0
119,198,1.0
120,123,1.0
122,130,1.0
128,130,1.0
120,131,1.0
128,132,1.0
130,132,1.0
120,133,1.0
121,134,1.0
127,134,1.0
133,134,1.0
120,135,1.0
131,135,1.0
125,136,1.0
120,137,1.0
130,137,1.0
134,137,1.0
129,140,1.0
130,140,1.0
136,140,1.0
127,141,1.0
130,141,1.0
131,141,1.0
127,142,1.0
129,142,1.0
141,142,1.0
135,143,1.0
139,143,1.0
122,144,1.0
140,144,1.0
142,144,1.0
120,145,1.0
132,145,1.0
133,145,1.0
121,146,1.0
127,146,1.0
133,146,1.0
137,146,1.0
124,147,1.0
127,147,1.0
141,147,1.0
145,147,1.0
123,148,1.0
125,148,1.0
127,148,1.0
147,148,1.0
122,149,1.0
130,149,1.0
136,149,1.0
138,149,1.0
146,149,1.0
128,150,1.0
130,150,1.0
138,150,1.0
142,150,1.0
144,150,1.0
149,150,1.0
121,151,1.0
123,151,1.0
130,151,1.0
122,152,1.0
124,152,1.0
126,152,1.0
146,152,1.0
149,152,1.0
150,152,1.0
120,153,1.0
128,153,1.0
147,153,1.0
132,154,1.0
137,154,1.0
140,154,1.0
148,154,1.0
121,155,1.0
131,155,1.0
139,155,1.0
148,155,1.0
125,156,1.0
126,156,1.0
132,156,1.0
136,156,1.0
137,156,1.0
140,156,1.0
141,156,1.0
144,156,1.0
146,156,1.0
147,156,1.0
150,156,1.0
151,156,1.0
141,157,1.0
131,158,1.0
137,158,1.0
141,158,1.0
145,158,1.0
146,158,1.0
148,158,1.0
120,159,1.0
129,159,1.0
130,159,1.0
149,159,1.0
150,159,1.0
131,168,1.0
152,169,1.0
147,181,1.0
122,185,1.0
123,188,1.0
153,188,1.0
157,189,1.0
137,190,1.0
130,196,1.0
160,165,1.0
160,167,1.0
166,168,1.0
167,168,1.0
168,169,1.0
162,170,1.0
168,170,1.0
169,170,1.0
160,171,1.0
163,171,1.0
163,172,1.0
168,172,1.0
160,173,1.0
168,173,1.0
170,173,1.0
172,174,1.0
170,175,1.0
160,176,1.0
164,176,1.0
166,177,1.0
168,177,1.0
174,177,1.0
163,178,1.0
170,178,1.0
176,178,1.0
169,179,1.0
170,179,1.0
173,179,1.0
168,180,1.0
169,180,1.0
177,180,1.0
160,181,1.0
178,181,1.0
179,181,1.0
160,182,1.0
162,182,1.0
174,183,1.0
182,183,1.0
162,184,1.0
167,184,1.0
162,185,1.0
168,186,1.0
173,186,1.0
174,186,1.0
176,186,1.0
185,186,1.0
171,187,1.0
175,187,1.0
176,187,1.0
179,187,1.0
181,187,1.0
186,187,1.0
166,188,1.0
171,188,1.0
174,188,1.0
176,188,1.0
180,188,1.0
184,188,1.0
161,189,1.0
186,189,1.0
187,189,1.0
171,195,1.0
179,198,1.0
183,198,1.0
190,193,1.0
191,193,1.0
193,194,1.0
192,195,1.0
194,195,1.0
191,196,1.0
196,197,1.0
193,198,1.0
198,199,1.0
125,200,1.0
62,201,1.0
32,202,1.0
78,203,1.0
26,204,1.0
3,205,1.0
83,206,1.0
8,207,1.0
53,208,1.0
120,209,1.0
25,210,1.0
136,211,1.0
52,212,1.0
120,213,1.0
7,214,1.0
109,215,1.0
25,216,1.0
53,217,1.0
179,218,1.0
113,219,1.0
139,220,1.0
129,221,1.0
50,222,1.0
15,223,1.0
39,224,1.0
90,225,1.0
81,226,1.0
121,227,1.0
81,228,1.0
11,229,1.0
161,230,1.0
25,231,1.0
49,232,1.0
12,233,1.0
4,234,1.0
123,235,1.0
20,236,1.0
25,237,1.0
33,238,1.0
43,239,1.0
3,240,1.0
145,241,1.0
111,242,1.0
179,243,1.0
61,244,1.0
76,245,1.0
159,246,1.0
16,247,1.0
187,248,1.0
72,249,1.0
