source,target,weight
0,4,1.0
3,4,1.0
2,5,1.0
1,7,1.0
3,7,1.0
5,7,1.0
3,8,1.0
6,8,1.0
3,9,1.0
2,10,1.0
6,11,1.0
7,11,1.0
9,11,1.0
6,12,1.0
7,12,1.0
3,13,1.0
8,13,1.0
9,13,1.0
13,14,1.0
4,15,1.0
5,15,1.0
11,16,1.0
1,18,1.0
2,18,1.0
9,18,1.0
0,19,1.0
5,19,1.0
6,19,1.0
8,19,1.0
7,20,1.0
17,20,1.0
15,21,1.0
2,22,1.0
16,22,1.0
20,22,1.0
2,23,1.0
6,23,1.0
12,23,1.0
15,23,1.0
6,24,1.0
8,24,1.0
10,24,1.0
8,25,1.0
0,26,1.0
3,26,1.0
6,26,1.0
9,26,1.0
11,26,1.0
15,26,1.0
24,26,1.0
1,27,1.0
3,27,1.0
19,27,1.0
0,28,1.0
1,28,1.0
6,28,1.0
19,28,1.0
2,29,1.0
17,29,1.0
25,29,1.0
16,30,1.0
18,30,1.0
26,30,1.0
27,30,1.0
0,31,1.0
4,31,1.0
5,31,1.0
26,31,1.0
2,32,1.0
10,32,1.0
29,32,1.0
7,33,1.0
17,33,1.0
14,34,1.0
15,34,1.0
24,34,1.0
29,34,1.0
2,35,1.0
4,35,1.0
6,35,1.0
20,35,1.0
32,35,1.0
10,36,1.0
34,36,1.0
17,37,1.0
22,37,1.0
2,38,1.0
10,38,1.0
19,38,1.0
27,38,1.0
33,38,1.0
36,38,1.0
8,39,1.0
16,39,1.0
19,39,1.0
34,39,1.0
36,39,1.0
38,39,1.0
0,40,1.0
15,40,1.0
16,40,1.0
17,40,1.0
22,40,1.0
26,40,1.0
27,40,1.0
30,40,1.0
6,41,1.0
9,41,1.0
17,41,1.0
29,41,1.0
31,41,1.0
38,41,1.0
1,42,1.0
7,42,1.0
18,42,1.0
21,42,1.0
26,42,1.0
28,42,1.0
31,42,1.0
39,42,1.0
14,43,1.0
17,43,1.0
37,43,1.0
41,43,1.0
42,43,1.0
10,44,1.0
13,44,1.0
15,44,1.0
25,44,1.0
34,44,1.0
6,45,1.0
8,45,1.0
9,45,1.0
13,45,1.0
14,45,1.0
27,45,1.0
39,45,1.0
3,46,1.0
26,46,1.0
35,46,1.0
39,46,1.0
44,46,1.0
3,47,1.0
4,47,1.0
24,47,1.0
43,47,1.0
45,47,1.0
2,48,1.0
9,48,1.0
16,48,1.0
22,48,1.0
24,48,1.0
38,48,1.0
43,48,1.0
45,48,1.0
32,49,1.0
3,50,1.0
4,50,1.0
15,50,1.0
16,50,1.0
22,50,1.0
31,50,1.0
35,50,1.0
47,50,1.0
4,51,1.0
28,51,1.0
34,51,1.0
41,51,1.0
43,51,1.0
2,52,1.0
30,52,1.0
36,52,1.0
43,52,1.0
46,52,1.0
50,52,1.0
10,53,1.0
29,53,1.0
43,53,1.0
3,54,1.0
5,54,1.0
11,54,1.0
23,54,1.0
24,54,1.0
35,54,1.0
37,54,1.0
49,54,1.0
52,54,1.0
26,55,1.0
40,55,1.0
42,55,1.0
50,55,1.0
51,55,1.0
7,56,1.0
11,56,1.0
19,56,1.0
23,56,1.0
39,56,1.0
41,56,1.0
52,56,1.0
2,57,1.0
34,57,1.0
37,57,1.0
41,57,1.0
44,57,1.0
46,57,1.0
47,57,1.0
53,57,1.0
15,58,1.0
30,58,1.0
38,58,1.0
42,58,1.0
45,58,1.0
49,58,1.0
52,58,1.0
18,59,1.0
29,59,1.0
36,59,1.0
50,59,1.0
23,60,1.0
27,60,1.0
28,60,1.0
30,60,1.0
51,60,1.0
9,61,1.0
12,61,1.0
14,61,1.0
15,61,1.0
25,61,1.0
27,61,1.0
30,61,1.0
36,61,1.0
38,61,1.0
50,61,1.0
53,61,1.0
56,61,1.0
2,62,1.0
12,62,1.0
21,62,1.0
28,62,1.0
48,62,1.0
51,62,1.0
52,62,1.0
55,62,1.0
57,62,1.0
4,63,1.0
13,63,1.0
16,63,1.0
21,63,1.0
37,63,1.0
46,63,1.0
47,63,1.0
58,63,1.0
60,63,1.0
0,64,1.0
5,64,1.0
13,64,1.0
16,64,1.0
21,64,1.0
48,64,1.0
50,64,1.0
62,64,1.0
6,65,1.0
9,65,1.0
22,65,1.0
39,65,1.0
52,65,1.0
57,65,1.0
63,65,1.0
11,66,1.0
24,66,1.0
35,66,1.0
39,66,1.0
47,66,1.0
53,66,1.0
58,66,1.0
59,66,1.0
65,66,1.0
2,67,1.0
5,67,1.0
8,67,1.0
22,67,1.0
29,67,1.0
38,67,1.0
42,67,1.0
52,67,1.0
61,67,1.0
63,67,1.0
3,68,1.0
14,68,1.0
22,68,1.0
36,68,1.0
39,68,1.0
54,68,1.0
5,69,1.0
18,69,1.0
24,69,1.0
27,69,1.0
31,69,1.0
37,69,1.0
55,69,1.0
59,69,1.0
33,70,1.0
65,70,1.0
57,71,1.0
60,71,1.0
10,72,1.0
33,72,1.0
44,72,1.0
69,72,1.0
19,73,1.0
26,73,1.0
37,73,1.0
6,74,1.0
26,74,1.0
59,74,1.0
29,75,1.0
56,76,1.0
69,76,1.0
52,77,1.0
56,77,1.0
59,78,1.0
24,79,1.0
45,79,1.0
58,80,1.0
7,81,1.0
19,81,1.0
9,82,1.0
19,82,1.0
31,83,1.0
20,84,1.0
44,85,1.0
58,85,1.0
5,86,1.0
16,87,1.0
63,87,1.0
17,88,1.0
60,88,1.0
65,88,1.0
12,89,1.0
19,89,1.0
8,90,1.0
12,90,1.0
26,90,1.0
19,91,1.0
53,92,1.0
65,93,1.0
5,94,1.0
19,95,1.0
26,95,1.0
42,95,1.0
57,95,1.0
60,95,1.0
55,96,1.0
66,96,1.0
29,97,1.0
20,99,1.0
44,99,1.0
52,99,1.0
64,99,1.0
52,100,1.0
67,100,1.0
10,103,1.0
15,103,1.0
25,103,1.0
64,103,1.0
3,104,1.0
9,104,1.0
12,104,1.0
30,104,1.0
21,105,1.0
48,105,1.0
51,105,1.0
12,106,1.0
48,107,1.0
26,108,1.0
47,109,1.0
60,111,1.0
6,112,1.0
36,112,1.0
48,112,1.0
18,113,1.0
39,113,1.0
17,114,1.0
24,115,1.0
42,115,1.0
52,116,1.0
55,116,1.0
61,116,1.0
0,117,1.0
9,117,1.0
14,117,1.0
18,118,1.0
40,119,1.0
66,119,1.0
24,121,1.0
67,122,1.0
18,125,1.0
24,127,1.0
64,127,1.0
10,128,1.0
13,128,1.0
19,128,1.0
26,128,1.0
59,128,1.0
61,130,1.0
58,131,1.0
31,132,1.0
66,132,1.0
32,135,1.0
15,136,1.0
11,137,1.0
32,137,1.0
48,138,1.0
8,139,1.0
38,140,1.0
38,142,1.0
54,143,1.0
56,143,1.0
17,144,1.0
55,145,1.0
13,146,1.0
15,146,1.0
45,147,1.0
8,148,1.0
13,149,1.0
32,150,1.0
9,153,1.0
13,153,1.0
15,153,1.0
3,155,1.0
30,156,1.0
50,157,1.0
34,158,1.0
45,158,1.0
46,160,1.0
16,161,1.0
58,166,1.0
11,168,1.0
16,168,1.0
35,169,1.0
62,169,1.0
58,173,1.0
67,175,1.0
47,178,1.0
4,181,1.0
65,182,1.0
10,183,1.0
3,185,1.0
16,185,1.0
53,187,1.0
48,188,1.0
33,191,1.0
9,192,1.0
68,193,1.0
20,195,1.0
44,195,1.0
37,197,1.0
22,199,1.0
75,76,1.0
70,77,1.0
73,78,1.0
70,79,1.0
70,80,1.0
72,80,1.0
78,80,1.0
74,81,1.0
76,81,1.0
80,81,1.0
79,82,1.0
78,84,1.0
79,84,1.0
75,85,1.0
78,85,1.0
81,85,1.0
71,86,1.0
77,86,1.0
75,87,1.0
82,87,1.0
84,88,1.0
87,88,1.0
71,89,1.0
83,89,1.0
85,89,1.0
86,89,1.0
72,90,1.0
75,90,1.0
85,90,1.0
88,90,1.0
70,91,1.0
71,91,1.0
74,91,1.0
76,91,1.0
79,91,1.0
80,91,1.0
82,91,1.0
86,91,1.0
74,92,1.0
90,92,1.0
82,93,1.0
71,94,1.0
88,94,1.0
93,94,1.0
74,95,1.0
79,95,1.0
81,96,1.0
87,96,1.0
88,96,1.0
90,96,1.0
94,96,1.0
75,97,1.0
80,97,1.0
81,97,1.0
73,98,1.0
78,98,1.0
70,99,1.0
88,99,1.0
91,99,1.0
74,100,1.0
88,100,1.0
95,100,1.0
74,101,1.0
81,101,1.0
92,101,1.0
86,102,1.0
94,102,1.0
96,102,1.0
98,102,1.0
101,102,1.0
76,103,1.0
90,103,1.0
101,103,1.0
85,104,1.0
89,104,1.0
90,104,1.0
73,105,1.0
77,105,1.0
86,105,1.0
88,105,1.0
90,105,1.0
91,105,1.0
92,105,1.0
96,105,1.0
101,105,1.0
83,106,1.0
84,107,1.0
86,107,1.0
87,107,1.0
89,107,1.0
91,107,1.0
103,107,1.0
72,108,1.0
76,108,1.0
97,108,1.0
75,109,1.0
76,109,1.0
100,109,1.0
75,110,1.0
81,110,1.0
94,110,1.0
100,110,1.0
84,111,1.0
107,111,1.0
78,112,1.0
81,112,1.0
94,112,1.0
95,112,1.0
83,113,1.0
95,113,1.0
99,113,1.0
70,114,1.0
77,114,1.0
81,114,1.0
91,114,1.0
95,114,1.0
101,114,1.0
105,114,1.0
107,114,1.0
109,114,1.0
70,115,1.0
78,115,1.0
84,115,1.0
97,115,1.0
106,115,1.0
82,116,1.0
85,116,1.0
114,116,1.0
71,117,1.0
77,117,1.0
82,117,1.0
85,117,1.0
99,117,1.0
114,117,1.0
75,118,1.0
87,118,1.0
88,118,1.0
91,118,1.0
102,118,1.0
108,118,1.0
73,119,1.0
75,119,1.0
92,119,1.0
95,119,1.0
114,119,1.0
81,120,1.0
89,123,1.0
75,124,1.0
89,124,1.0
118,128,1.0
88,129,1.0
76,130,1.0
99,131,1.0
76,132,1.0
81,135,1.0
74,137,1.0
89,138,1.0
72,143,1.0
77,144,1.0
79,146,1.0
78,147,1.0
87,148,1.0
108,150,1.0
97,153,1.0
75,155,1.0
118,155,1.0
88,156,1.0
92,156,1.0
85,158,1.0
96,158,1.0
115,163,1.0
89,170,1.0
117,170,1.0
105,172,1.0
92,173,1.0
111,173,1.0
115,180,1.0
101,182,1.0
76,183,1.0
81,184,1.0
96,186,1.0
109,188,1.0
78,194,1.0
84,196,1.0
94,196,1.0
125,126,1.0
126,127,1.0
120,128,1.0
125,128,1.0
127,128,1.0
123,130,1.0
121,131,1.0
127,131,1.0
126,132,1.0
120,133,1.0
124,133,1.0
128,133,1.0
129,133,1.0
124,134,1.0
125,136,1.0
134,136,1.0
120,137,1.0
121,137,1.0
122,137,1.0
130,137,1.0
120,138,1.0
127,138,1.0
131,138,1.0
122,139,1.0
127,139,1.0
130,139,1.0
129,140,1.0
132,140,1.0
134,140,1.0
136,140,1.0
139,140,1.0
128,141,1.0
135,141,1.0
140,141,1.0
121,142,1.0
123,142,1.0
130,142,1.0
134,142,1.0
135,142,1.0
137,142,1.0
123,143,1.0
138,143,1.0
141,143,1.0
130,144,1.0
138,144,1.0
130,145,1.0
143,145,1.0
144,145,1.0
122,146,1.0
124,146,1.0
131,147,1.0
135,147,1.0
141,147,1.0
145,147,1.0
142,148,1.0
147,148,1.0
126,149,1.0
129,149,1.0
121,150,1.0
125,150,1.0
133,150,1.0
143,150,1.0
146,150,1.0
125,151,1.0
128,151,1.0
137,151,1.0
143,151,1.0
147,151,1.0
130,152,1.0
120,153,1.0
131,153,1.0
139,153,1.0
143,153,1.0
144,153,1.0
146,153,1.0
143,154,1.0
148,155,1.0
121,156,1.0
122,156,1.0
128,156,1.0
129,156,1.0
136,156,1.0
153,156,1.0
124,157,1.0
125,157,1.0
129,157,1.0
136,157,1.0
142,157,1.0
150,157,1.0
123,158,1.0
128,158,1.0
141,158,1.0
152,158,1.0
127,159,1.0
138,159,1.0
139,159,1.0
146,159,1.0
153,159,1.0
121,160,1.0
142,160,1.0
154,167,1.0
154,177,1.0
157,178,1.0
140,182,1.0
134,187,1.0
166,167,1.0
166,168,1.0
162,169,1.0
167,169,1.0
164,170,1.0
165,171,1.0
169,171,1.0
169,172,1.0
170,172,1.0
164,173,1.0
160,175,1.0
163,175,1.0
170,175,1.0
166,176,1.0
174,176,1.0
167,178,1.0
172,178,1.0
173,178,1.0
167,180,1.0
164,181,1.0
168,181,1.0
179,181,1.0
169,182,1.0
178,182,1.0
160,183,1.0
163,184,1.0
165,184,1.0
182,184,1.0
160,185,1.0
163,185,1.0
169,185,1.0
170,185,1.0
177,185,1.0
161,186,1.0
171,186,1.0
173,186,1.0
183,186,1.0
184,186,1.0
168,187,1.0
174,187,1.0
175,187,1.0
161,188,1.0
174,188,1.0
182,188,1.0
184,188,1.0
171,189,1.0
173,189,1.0
178,189,1.0
181,189,1.0
191,194,1.0
193,195,1.0
190,197,1.0
194,197,1.0
196,197,1.0
195,198,1.0
193,199,1.0
196,199,1.0
116,200,1.0
45,201,1.0
84,202,1.0
142,203,1.0
174,204,1.0
198,205,1.0
123,206,1.0
157,207,1.0
42,208,1.0
128,209,1.0
19,210,1.0
56,211,1.0
107,212,1.0
15,213,1.0
77,214,1.0
86,215,1.0
22,216,1.0
145,217,1.0
149,218,1.0
65,219,1.0
155,220,1.0
30,221,1.0
43,222,1.0
158,223,1.0
57,224,1.0
45,225,1.0
34,226,1.0
3,227,1.0
110,228,1.0
105,229,1.0
131,230,1.0
143,231,1.0
49,232,1.0
68,233,1.0
12,234,1.0
175,235,1.0
1,236,1.0
70,237,1.0
118,238,1.0
165,239,1.0
175,240,1.0
96,241,1.0
27,242,1.0
71,243,1.0
94,244,1.0
64,245,1.0
3,246,1.0
186,247,1.0
89,248,1.0
92,249,1.0
