source,target,weight
0,2,1.0
2,6,1.0
3,6,1.0
4,7,1.0
3,9,1.0
2,10,1.0
5,10,1.0
5,12,1.0
1,13,1.0
9,14,1.0
4,15,1.0
8,15,1.0
12,16,1.0
16,17,1.0
4,18,1.0
10,18,1.0
12,18,1.0
16,18,1.0
14,19,1.0
8,20,1.0
3,21,1.0
15,21,1.0
1,22,1.0
9,22,1.0
10,22,1.0
5,23,1.0
11,23,1.0
22,23,1.0
12,24,1.0
17,24,1.0
23,24,1.0
2,25,1.0
8,25,1.0
9,25,1.0
11,25,1.0
15,25,1.0
20,25,1.0
5,26,1.0
16,26,1.0
20,26,1.0
4,27,1.0
9,27,1.0
17,27,1.0
23,27,1.0
7,28,1.0
15,28,1.0
18,28,1.0
24,28,1.0
10,29,1.0
17,29,1.0
18,29,1.0
19,29,1.0
19,30,1.0
20,30,1.0
28,30,1.0
10,31,1.0
12,31,1.0
4,32,1.0
10,32,1.0
16,32,1.0
1,33,1.0
15,33,1.0
22,33,1.0
27,33,1.0
30,33,1.0
31,33,1.0
4,34,1.0
8,34,1.0
33,34,1.0
0,35,1.0
3,35,1.0
4,35,1.0
33,35,1.0
3,36,1.0
12,36,1.0
17,36,1.0
20,36,1.0
21,36,1.0
25,36,1.0
30,36,1.0
12,37,1.0
14,37,1.0
15,37,1.0
19,37,1.0
15,38,1.0
31,38,1.0
36,38,1.0
17,39,1.0
18,39,1.0
22,39,1.0
24,39,1.0
36,39,1.0
37,39,1.0
2,40,1.0
3,40,1.0
8,40,1.0
12,40,1.0
17,40,1.0
27,40,1.0
38,40,1.0
5,41,1.0
15,41,1.0
22,41,1.0
27,41,1.0
1,42,1.0
7,42,1.0
14,42,1.0
27,42,1.0
28,42,1.0
33,42,1.0
2,43,1.0
4,43,1.0
6,43,1.0
19,43,1.0
25,43,1.0
36,43,1.0
42,43,1.0
19,44,1.0
22,44,1.0
31,44,1.0
2,45,1.0
8,45,1.0
10,45,1.0
14,45,1.0
19,45,1.0
24,45,1.0
25,45,1.0
33,45,1.0
35,45,1.0
1,46,1.0
11,46,1.0
18,46,1.0
32,46,1.0
37,46,1.0
40,46,1.0
14,47,1.0
20,47,1.0
29,47,1.0
34,47,1.0
44,47,1.0
3,48,1.0
5,48,1.0
7,48,1.0
8,48,1.0
13,48,1.0
20,48,1.0
21,48,1.0
35,48,1.0
36,48,1.0
40,48,1.0
11,49,1.0
16,49,1.0
29,49,1.0
37,49,1.0
43,49,1.0
47,49,1.0
0,50,1.0
1,50,1.0
6,50,1.0
11,50,1.0
15,50,1.0
20,50,1.0
23,50,1.0
30,50,1.0
33,50,1.0
35,50,1.0
37,50,1.0
46,50,1.0
0,51,1.0
2,51,1.0
3,51,1.0
23,51,1.0
28,51,1.0
48,51,1.0
1,52,1.0
9,52,1.0
12,52,1.0
41,52,1.0
42,52,1.0
26,53,1.0
51,53,1.0
16,54,1.0
37,54,1.0
39,54,1.0
45,54,1.0
51,54,1.0
7,55,1.0
13,55,1.0
33,55,1.0
36,55,1.0
2,56,1.0
19,56,1.0
24,56,1.0
28,56,1.0
37,56,1.0
45,56,1.0
52,56,1.0
54,56,1.0
3,57,1.0
6,57,1.0
9,57,1.0
18,57,1.0
28,57,1.0
38,57,1.0
39,57,1.0
44,57,1.0
47,57,1.0
14,58,1.0
15,58,1.0
26,58,1.0
27,58,1.0
31,58,1.0
42,58,1.0
54,58,1.0
13,59,1.0
16,59,1.0
31,59,1.0
43,59,1.0
45,59,1.0
58,59,1.0
16,60,1.0
20,60,1.0
21,60,1.0
27,60,1.0
29,60,1.0
34,60,1.0
43,60,1.0
44,60,1.0
50,60,1.0
1,61,1.0
12,61,1.0
13,61,1.0
14,61,1.0
18,61,1.0
21,61,1.0
43,61,1.0
44,61,1.0
0,62,1.0
20,62,1.0
26,62,1.0
31,62,1.0
50,62,1.0
1,63,1.0
28,63,1.0
39,63,1.0
42,63,1.0
51,63,1.0
60,63,1.0
62,63,1.0
2,64,1.0
14,64,1.0
19,64,1.0
25,64,1.0
31,64,1.0
41,64,1.0
52,64,1.0
54,64,1.0
12,65,1.0
14,65,1.0
27,65,1.0
28,65,1.0
31,65,1.0
35,65,1.0
36,65,1.0
42,65,1.0
43,65,1.0
48,65,1.0
51,65,1.0
0,66,1.0
4,66,1.0
13,66,1.0
18,66,1.0
19,66,1.0
34,66,1.0
40,66,1.0
42,66,1.0
44,66,1.0
62,66,1.0
1,67,1.0
17,67,1.0
30,67,1.0
35,67,1.0
66,67,1.0
0,68,1.0
2,68,1.0
3,68,1.0
4,68,1.0
5,68,1.0
22,68,1.0
24,68,1.0
30,68,1.0
34,68,1.0
46,68,1.0
48,68,1.0
50,68,1.0
4,69,1.0
23,69,1.0
28,69,1.0
29,69,1.0
33,69,1.0
40,69,1.0
47,69,1.0
25,71,1.0
30,71,1.0
33,71,1.0
42,71,1.0
64,71,1.0
69,71,1.0
14,72,1.0
19,72,1.0
44,72,1.0
68,72,1.0
8,73,1.0
29,73,1.0
31,73,1.0
37,73,1.0
18,74,1.0
38,75,1.0
29,76,1.0
16,77,1.0
23,77,1.0
39,77,1.0
46,77,1.0
51,77,1.0
62,77,1.0
20,78,1.0
35,78,1.0
50,78,1.0
58,78,1.0
4,79,1.0
11,79,1.0
14,79,1.0
37,79,1.0
39,80,1.0
68,81,1.0
28,82,1.0
38,83,1.0
63,83,1.0
1,84,1.0
5,85,1.0
38,85,1.0
28,86,1.0
40,86,1.0
42,86,1.0
45,86,1.0
9,87,1.0
9,88,1.0
30,88,1.0
55,88,1.0
65,88,1.0
19,90,1.0
51,90,1.0
43,92,1.0
14,94,1.0
21,94,1.0
7,96,1.0
9,97,1.0
18,98,1.0
35,98,1.0
43,98,1.0
21,99,1.0
59,99,1.0
3,100,1.0
43,100,1.0
1,101,1.0
28,101,1.0
29,104,1.0
38,105,1.0
57,105,1.0
35,107,1.0
40,107,1.0
0,108,1.0
35,108,1.0
41,108,1.0
59,108,1.0
62,109,1.0
32,110,1.0
3,111,1.0
22,111,1.0
1,112,1.0
57,112,1.0
4,113,1.0
35,113,1.0
6,115,1.0
57,116,1.0
0,118,1.0
53,118,1.0
31,119,1.0
36,120,1.0
54,120,1.0
3,124,1.0
38,125,1.0
49,125,1.0
50,127,1.0
20,128,1.0
62,128,1.0
24,129,1.0
60,129,1.0
34,130,1.0
1,131,1.0
14,131,1.0
17,132,1.0
67,133,1.0
13,134,1.0
30,134,1.0
24,135,1.0
23,136,1.0
20,137,1.0
32,137,1.0
49,137,1.0
9,138,1.0
67,138,1.0
16,140,1.0
45,142,1.0
60,144,1.0
66,144,1.0
35,145,1.0
37,145,1.0
45,145,1.0
7,146,1.0
26,147,1.0
29,147,1.0
11,149,1.0
46,149,1.0
54,149,1.0
34,151,1.0
54,153,1.0
67,155,1.0
66,156,1.0
60,157,1.0
20,158,1.0
34,158,1.0
36,159,1.0
2,160,1.0
7,162,1.0
45,165,1.0
47,167,1.0
38,169,1.0
64,169,1.0
30,170,1.0
38,171,1.0
31,175,1.0
6,186,1.0
58,188,1.0
17,189,1.0
21,190,1.0
4,192,1.0
48,192,1.0
38,197,1.0
17,198,1.0
70,73,1.0
75,76,1.0
75,77,1.0
76,77,1.0
71,78,1.0
73,78,1.0
75,79,1.0
71,80,1.0
70,83,1.0
75,83,1.0
81,83,1.0
70,84,1.0
75,84,1.0
76,84,1.0
82,84,1.0
82,85,1.0
84,85,1.0
71,86,1.0
75,86,1.0
78,86,1.0
80,86,1.0
84,86,1.0
70,87,1.0
78,88,1.0
84,88,1.0
86,88,1.0
86,90,1.0
72,91,1.0
76,91,1.0
85,91,1.0
76,92,1.0
83,92,1.0
86,92,1.0
70,93,1.0
77,93,1.0
90,93,1.0
79,94,1.0
80,94,1.0
88,94,1.0
71,95,1.0
75,95,1.0
79,95,1.0
84,95,1.0
89,95,1.0
70,96,1.0
79,96,1.0
81,96,1.0
78,97,1.0
80,97,1.0
83,97,1.0
91,97,1.0
73,98,1.0
86,98,1.0
72,99,1.0
75,99,1.0
92,99,1.0
93,99,1.0
70,100,1.0
73,100,1.0
74,100,1.0
97,100,1.0
75,101,1.0
76,101,1.0
78,101,1.0
80,101,1.0
82,101,1.0
85,101,1.0
87,101,1.0
83,102,1.0
72,103,1.0
74,103,1.0
76,103,1.0
77,103,1.0
80,103,1.0
83,103,1.0
97,103,1.0
98,103,1.0
75,104,1.0
91,104,1.0
100,104,1.0
84,105,1.0
94,105,1.0
101,105,1.0
102,105,1.0
103,105,1.0
104,105,1.0
75,106,1.0
77,106,1.0
93,106,1.0
98,106,1.0
102,106,1.0
70,107,1.0
71,107,1.0
75,107,1.0
87,107,1.0
91,107,1.0
72,108,1.0
73,108,1.0
74,108,1.0
82,108,1.0
90,108,1.0
106,108,1.0
74,109,1.0
79,109,1.0
95,109,1.0
102,109,1.0
73,110,1.0
75,110,1.0
83,110,1.0
87,110,1.0
94,110,1.0
101,110,1.0
108,110,1.0
74,111,1.0
80,111,1.0
85,111,1.0
88,111,1.0
70,113,1.0
85,113,1.0
97,113,1.0
108,113,1.0
82,114,1.0
90,114,1.0
95,114,1.0
101,114,1.0
78,115,1.0
92,115,1.0
95,115,1.0
103,115,1.0
109,115,1.0
72,116,1.0
96,116,1.0
100,116,1.0
104,116,1.0
109,116,1.0
112,116,1.0
113,116,1.0
70,117,1.0
74,117,1.0
76,117,1.0
78,117,1.0
84,117,1.0
85,117,1.0
96,117,1.0
103,117,1.0
74,118,1.0
83,118,1.0
87,118,1.0
91,118,1.0
111,118,1.0
112,118,1.0
113,118,1.0
76,119,1.0
80,119,1.0
86,119,1.0
92,119,1.0
93,119,1.0
103,119,1.0
108,119,1.0
110,119,1.0
112,119,1.0
107,121,1.0
97,122,1.0
76,123,1.0
104,123,1.0
85,124,1.0
108,127,1.0
111,127,1.0
96,129,1.0
108,130,1.0
91,132,1.0
97,132,1.0
102,132,1.0
97,133,1.0
101,134,1.0
73,140,1.0
111,141,1.0
80,142,1.0
103,143,1.0
94,150,1.0
108,150,1.0
75,151,1.0
91,151,1.0
84,154,1.0
89,154,1.0
108,154,1.0
115,154,1.0
115,155,1.0
74,158,1.0
75,159,1.0
81,159,1.0
88,159,1.0
116,160,1.0
95,163,1.0
109,172,1.0
108,174,1.0
105,180,1.0
112,182,1.0
94,189,1.0
113,192,1.0
97,193,1.0
106,194,1.0
110,195,1.0
83,197,1.0
91,197,1.0
94,199,1.0
116,199,1.0
121,124,1.0
120,128,1.0
128,129,1.0
128,130,1.0
125,131,1.0
121,132,1.0
125,134,1.0
131,134,1.0
132,134,1.0
127,135,1.0
120,137,1.0
126,138,1.0
129,138,1.0
134,138,1.0
126,139,1.0
132,139,1.0
134,139,1.0
121,140,1.0
126,140,1.0
129,140,1.0
130,141,1.0
137,141,1.0
124,142,1.0
130,142,1.0
137,142,1.0
128,143,1.0
129,144,1.0
132,144,1.0
133,144,1.0
138,144,1.0
143,145,1.0
123,146,1.0
131,146,1.0
144,146,1.0
145,146,1.0
135,147,1.0
133,148,1.0
131,149,1.0
132,149,1.0
142,150,1.0
144,150,1.0
145,150,1.0
125,151,1.0
133,151,1.0
136,151,1.0
138,151,1.0
131,152,1.0
136,152,1.0
130,153,1.0
132,153,1.0
150,153,1.0
152,153,1.0
123,154,1.0
142,154,1.0
149,154,1.0
120,155,1.0
122,155,1.0
126,155,1.0
129,155,1.0
134,155,1.0
140,155,1.0
144,155,1.0
153,155,1.0
127,156,1.0
130,156,1.0
132,157,1.0
150,157,1.0
152,157,1.0
153,157,1.0
156,157,1.0
140,158,1.0
131,159,1.0
134,159,1.0
149,159,1.0
154,159,1.0
158,159,1.0
127,161,1.0
141,164,1.0
145,166,1.0
151,180,1.0
121,183,1.0
150,183,1.0
156,187,1.0
141,193,1.0
141,194,1.0
162,164,1.0
160,165,1.0
162,165,1.0
162,166,1.0
166,168,1.0
163,169,1.0
162,170,1.0
164,170,1.0
160,173,1.0
167,173,1.0
166,174,1.0
168,175,1.0
164,176,1.0
171,176,1.0
175,176,1.0
170,177,1.0
174,177,1.0
166,178,1.0
162,179,1.0
164,179,1.0
161,180,1.0
167,180,1.0
173,180,1.0
178,180,1.0
165,182,1.0
178,182,1.0
179,182,1.0
181,182,1.0
163,183,1.0
169,183,1.0
181,183,1.0
160,184,1.0
171,184,1.0
173,184,1.0
175,184,1.0
177,184,1.0
184,185,1.0
167,186,1.0
168,186,1.0
172,186,1.0
174,186,1.0
177,186,1.0
181,186,1.0
172,187,1.0
173,187,1.0
160,188,1.0
161,188,1.0
163,188,1.0
181,188,1.0
184,188,1.0
186,188,1.0
167,189,1.0
173,189,1.0
185,189,1.0
166,190,1.0
170,193,1.0
181,194,1.0
190,191,1.0
194,195,1.0
194,196,1.0
194,197,1.0
192,198,1.0
194,198,1.0
190,199,1.0
29,200,1.0
167,201,1.0
40,202,1.0
11,203,1.0
37,204,1.0
90,205,1.0
94,206,1.0
83,207,1.0
166,208,1.0
172,209,1.0
1,210,1.0
85,211,1.0
4,212,1.0
140,213,1.0
78,214,1.0
0,215,1.0
27,216,1.0
109,217,1.0
76,218,1.0
49,219,1.0
65,220,1.0
166,221,1.0
174,222,1.0
56,223,1.0
26,224,1.0
56,225,1.0
146,226,1.0
6,227,1.0
41,228,1.0
83,229,1.0
100,230,1.0
106,231,1.0
83,232,1.0
124,233,1.0
148,234,1.0
179,235,1.0
126,236,1.0
24,237,1.0
27,238,1.0
167,239,1.0
141,240,1.0
152,241,1.0
127,242,1.0
76,243,1.0
174,244,1.0
1,245,1.0
62,246,1.0
181,247,1.0
125,248,1.0
116,249,1.0
