source,target,weight
0,1,1.0
4,5,1.0
2,7,1.0
4,7,1.0
5,7,1.0
0,8,1.0
1,8,1.0
2,8,1.0
7,8,1.0
2,10,1.0
8,10,1.0
6,11,1.0
8,11,1.0
2,12,1.0
2,14,1.0
10,14,1.0
0,15,1.0
3,15,1.0
6,15,1.0
0,17,1.0
9,18,1.0
17,18,1.0
0,19,1.0
10,19,1.0
17,19,1.0
11,20,1.0
8,21,1.0
16,21,1.0
1,22,1.0
2,22,1.0
12,22,1.0
2,23,1.0
0,24,1.0
6,24,1.0
7,24,1.0
10,24,1.0
6,25,1.0
16,25,1.0
17,25,1.0
18,25,1.0
20,25,1.0
0,26,1.0
5,26,1.0
15,26,1.0
16,26,1.0
19,26,1.0
2,27,1.0
4,27,1.0
20,27,1.0
24,27,1.0
2,28,1.0
16,28,1.0
18,28,1.0
22,28,1.0
23,28,1.0
13,29,1.0
21,29,1.0
28,29,1.0
3,30,1.0
13,30,1.0
17,30,1.0
20,30,1.0
11,31,1.0
16,31,1.0
29,31,1.0
30,31,1.0
3,32,1.0
6,32,1.0
9,32,1.0
10,32,1.0
3,33,1.0
13,33,1.0
17,33,1.0
3,34,1.0
6,34,1.0
9,34,1.0
10,34,1.0
15,34,1.0
1,35,1.0
5,35,1.0
14,35,1.0
28,35,1.0
6,36,1.0
8,36,1.0
10,36,1.0
14,36,1.0
18,36,1.0
20,36,1.0
27,36,1.0
4,37,1.0
11,37,1.0
19,37,1.0
24,37,1.0
35,37,1.0
0,38,1.0
1,38,1.0
6,38,1.0
13,38,1.0
17,38,1.0
31,38,1.0
37,38,1.0
9,39,1.0
16,39,1.0
5,40,1.0
9,40,1.0
18,40,1.0
28,40,1.0
17,41,1.0
23,41,1.0
4,42,1.0
8,42,1.0
9,42,1.0
16,42,1.0
18,42,1.0
25,42,1.0
30,42,1.0
2,43,1.0
11,43,1.0
12,43,1.0
15,43,1.0
17,43,1.0
39,43,1.0
40,43,1.0
41,43,1.0
42,43,1.0
1,44,1.0
13,44,1.0
42,44,1.0
1,45,1.0
7,45,1.0
10,45,1.0
14,45,1.0
17,45,1.0
22,45,1.0
23,45,1.0
32,45,1.0
34,45,1.0
36,45,1.0
4,46,1.0
7,46,1.0
10,46,1.0
22,46,1.0
23,46,1.0
27,46,1.0
31,46,1.0
45,46,1.0
0,47,1.0
10,47,1.0
12,47,1.0
16,47,1.0
25,47,1.0
32,47,1.0
33,47,1.0
35,47,1.0
40,47,1.0
23,48,1.0
24,48,1.0
26,48,1.0
27,48,1.0
29,48,1.0
31,48,1.0
1,49,1.0
12,49,1.0
30,49,1.0
31,49,1.0
32,49,1.0
42,49,1.0
19,50,1.0
22,50,1.0
27,50,1.0
30,50,1.0
41,50,1.0
11,51,1.0
20,51,1.0
22,51,1.0
24,51,1.0
40,51,1.0
42,51,1.0
13,52,1.0
18,52,1.0
19,52,1.0
20,52,1.0
22,52,1.0
25,52,1.0
28,52,1.0
40,52,1.0
15,53,1.0
18,53,1.0
21,53,1.0
24,53,1.0
29,53,1.0
36,53,1.0
38,53,1.0
39,53,1.0
1,54,1.0
2,54,1.0
5,54,1.0
7,54,1.0
11,54,1.0
26,54,1.0
38,54,1.0
52,54,1.0
3,55,1.0
8,55,1.0
9,55,1.0
16,55,1.0
20,55,1.0
24,55,1.0
26,55,1.0
28,55,1.0
35,55,1.0
44,55,1.0
45,55,1.0
46,55,1.0
50,55,1.0
20,56,1.0
31,56,1.0
39,56,1.0
48,56,1.0
52,56,1.0
3,57,1.0
4,57,1.0
21,57,1.0
25,57,1.0
30,57,1.0
38,57,1.0
39,57,1.0
42,57,1.0
2,58,1.0
4,58,1.0
18,58,1.0
24,58,1.0
57,58,1.0
23,59,1.0
31,59,1.0
37,59,1.0
38,59,1.0
43,59,1.0
44,59,1.0
49,59,1.0
10,60,1.0
14,60,1.0
17,60,1.0
41,60,1.0
7,61,1.0
9,61,1.0
11,61,1.0
17,61,1.0
23,61,1.0
39,61,1.0
43,61,1.0
46,61,1.0
56,61,1.0
6,62,1.0
9,62,1.0
13,62,1.0
30,62,1.0
35,62,1.0
38,62,1.0
53,62,1.0
9,63,1.0
42,63,1.0
54,63,1.0
58,63,1.0
14,64,1.0
16,64,1.0
17,64,1.0
20,64,1.0
24,64,1.0
35,64,1.0
49,64,1.0
61,64,1.0
18,65,1.0
19,65,1.0
36,65,1.0
37,65,1.0
56,65,1.0
10,66,1.0
18,66,1.0
20,66,1.0
28,66,1.0
31,66,1.0
34,66,1.0
38,66,1.0
42,66,1.0
50,66,1.0
58,66,1.0
65,66,1.0
6,67,1.0
27,67,1.0
32,67,1.0
36,67,1.0
53,67,1.0
58,67,1.0
59,67,1.0
61,67,1.0
63,67,1.0
1,68,1.0
12,68,1.0
13,68,1.0
14,68,1.0
35,68,1.0
40,68,1.0
49,68,1.0
56,68,1.0
63,68,1.0
66,68,1.0
67,68,1.0
3,69,1.0
9,69,1.0
19,69,1.0
24,69,1.0
29,69,1.0
32,69,1.0
48,69,1.0
51,69,1.0
53,69,1.0
55,69,1.0
58,69,1.0
4,70,1.0
26,70,1.0
3,71,1.0
7,71,1.0
41,71,1.0
9,72,1.0
15,72,1.0
16,72,1.0
28,72,1.0
36,72,1.0
40,72,1.0
64,74,1.0
14,75,1.0
60,75,1.0
6,76,1.0
9,76,1.0
19,76,1.0
29,76,1.0
33,76,1.0
50,76,1.0
7,77,1.0
13,78,1.0
59,78,1.0
47,79,1.0
11,80,1.0
44,80,1.0
50,80,1.0
60,80,1.0
32,81,1.0
45,81,1.0
56,81,1.0
23,82,1.0
29,82,1.0
35,82,1.0
60,82,1.0
39,83,1.0
34,84,1.0
61,85,1.0
68,85,1.0
43,86,1.0
49,86,1.0
13,87,1.0
52,87,1.0
65,87,1.0
58,88,1.0
67,88,1.0
28,89,1.0
67,89,1.0
0,90,1.0
34,90,1.0
46,90,1.0
57,90,1.0
17,91,1.0
62,91,1.0
41,92,1.0
57,92,1.0
63,92,1.0
5,93,1.0
56,93,1.0
0,95,1.0
26,96,1.0
40,96,1.0
15,97,1.0
62,97,1.0
22,98,1.0
68,98,1.0
7,99,1.0
50,99,1.0
57,99,1.0
38,100,1.0
22,101,1.0
66,101,1.0
53,102,1.0
12,103,1.0
49,103,1.0
27,104,1.0
17,105,1.0
19,105,1.0
43,105,1.0
68,105,1.0
11,106,1.0
18,106,1.0
60,106,1.0
26,107,1.0
10,108,1.0
62,108,1.0
21,109,1.0
64,109,1.0
60,110,1.0
61,111,1.0
63,111,1.0
12,112,1.0
33,112,1.0
51,112,1.0
34,113,1.0
5,114,1.0
37,116,1.0
33,117,1.0
37,117,1.0
9,119,1.0
23,119,1.0
32,120,1.0
11,121,1.0
55,122,1.0
13,123,1.0
52,123,1.0
30,124,1.0
53,125,1.0
9,129,1.0
10,129,1.0
30,132,1.0
0,136,1.0
56,136,1.0
18,139,1.0
58,139,1.0
62,141,1.0
67,142,1.0
2,144,1.0
9,145,1.0
43,145,1.0
53,145,1.0
66,146,1.0
36,147,1.0
58,147,1.0
1,149,1.0
49,149,1.0
33,154,1.0
67,154,1.0
34,155,1.0
31,156,1.0
2,157,1.0
15,158,1.0
12,159,1.0
14,162,1.0
63,163,1.0
27,167,1.0
65,168,1.0
47,172,1.0
26,173,1.0
61,173,1.0
55,174,1.0
9,175,1.0
34,176,1.0
53,178,1.0
45,182,1.0
3,185,1.0
42,191,1.0
68,192,1.0
4,193,1.0
1,194,1.0
51,194,1.0
4,195,1.0
31,197,1.0
7,198,1.0
70,74,1.0
71,74,1.0
72,74,1.0
71,75,1.0
73,77,1.0
76,77,1.0
71,79,1.0
75,80,1.0
71,83,1.0
82,83,1.0
82,84,1.0
77,85,1.0
75,86,1.0
78,86,1.0
79,87,1.0
72,88,1.0
80,88,1.0
81,89,1.0
87,89,1.0
73,90,1.0
86,90,1.0
87,90,1.0
88,90,1.0
88,91,1.0
78,93,1.0
82,93,1.0
89,93,1.0
90,93,1.0
79,94,1.0
87,94,1.0
89,94,1.0
71,95,1.0
73,95,1.0
76,95,1.0
82,95,1.0
85,95,1.0
88,95,1.0
93,95,1.0
72,96,1.0
73,96,1.0
78,96,1.0
79,96,1.0
85,96,1.0
89,96,1.0
90,96,1.0
75,97,1.0
79,97,1.0
82,97,1.0
84,97,1.0
85,97,1.0
90,97,1.0
71,98,1.0
78,98,1.0
79,98,1.0
84,98,1.0
88,98,1.0
97,98,1.0
76,99,1.0
79,99,1.0
85,99,1.0
87,99,1.0
92,99,1.0
76,101,1.0
93,101,1.0
87,102,1.0
88,102,1.0
99,102,1.0
87,103,1.0
88,103,1.0
75,104,1.0
82,104,1.0
89,104,1.0
99,104,1.0
78,105,1.0
102,105,1.0
103,105,1.0
74,106,1.0
77,106,1.0
87,106,1.0
102,106,1.0
71,107,1.0
73,107,1.0
74,107,1.0
90,107,1.0
93,107,1.0
99,107,1.0
80,108,1.0
92,108,1.0
96,108,1.0
99,108,1.0
87,109,1.0
91,109,1.0
74,110,1.0
75,110,1.0
76,110,1.0
101,110,1.0
106,110,1.0
109,110,1.0
70,111,1.0
73,111,1.0
72,112,1.0
75,112,1.0
87,112,1.0
91,112,1.0
100,112,1.0
70,113,1.0
89,113,1.0
101,113,1.0
111,113,1.0
73,114,1.0
79,114,1.0
87,114,1.0
97,114,1.0
104,114,1.0
106,114,1.0
91,115,1.0
95,115,1.0
97,115,1.0
108,115,1.0
70,116,1.0
83,116,1.0
87,116,1.0
102,116,1.0
104,116,1.0
78,117,1.0
79,117,1.0
87,117,1.0
91,117,1.0
93,117,1.0
103,117,1.0
106,117,1.0
74,118,1.0
87,118,1.0
90,118,1.0
95,118,1.0
102,118,1.0
105,118,1.0
111,118,1.0
112,118,1.0
117,118,1.0
70,119,1.0
82,119,1.0
105,119,1.0
107,119,1.0
114,119,1.0
72,120,1.0
95,121,1.0
115,125,1.0
70,126,1.0
95,126,1.0
84,128,1.0
85,130,1.0
75,131,1.0
102,131,1.0
74,132,1.0
76,133,1.0
115,133,1.0
70,134,1.0
113,140,1.0
89,144,1.0
100,145,1.0
90,149,1.0
91,154,1.0
114,154,1.0
76,159,1.0
98,159,1.0
90,160,1.0
83,167,1.0
88,167,1.0
105,170,1.0
101,172,1.0
90,175,1.0
109,177,1.0
115,184,1.0
73,186,1.0
96,193,1.0
88,196,1.0
122,123,1.0
122,124,1.0
124,125,1.0
126,127,1.0
121,128,1.0
124,128,1.0
125,128,1.0
120,129,1.0
122,130,1.0
125,131,1.0
126,133,1.0
129,133,1.0
124,134,1.0
133,134,1.0
125,135,1.0
124,136,1.0
125,136,1.0
126,136,1.0
122,137,1.0
135,137,1.0
121,138,1.0
126,138,1.0
127,138,1.0
134,138,1.0
136,139,1.0
133,140,1.0
124,141,1.0
134,141,1.0
137,141,1.0
127,142,1.0
120,143,1.0
121,144,1.0
123,144,1.0
126,144,1.0
135,144,1.0
137,144,1.0
125,145,1.0
127,145,1.0
136,146,1.0
137,146,1.0
130,147,1.0
136,148,1.0
133,149,1.0
142,149,1.0
132,150,1.0
142,150,1.0
146,150,1.0
124,151,1.0
142,151,1.0
138,152,1.0
139,152,1.0
141,152,1.0
130,153,1.0
145,153,1.0
149,153,1.0
120,154,1.0
124,154,1.0
129,154,1.0
146,154,1.0
121,155,1.0
136,155,1.0
139,155,1.0
122,156,1.0
134,156,1.0
142,156,1.0
143,156,1.0
147,156,1.0
149,156,1.0
124,157,1.0
128,157,1.0
130,157,1.0
122,158,1.0
131,158,1.0
143,158,1.0
145,158,1.0
149,158,1.0
150,158,1.0
133,159,1.0
143,159,1.0
145,159,1.0
149,159,1.0
157,159,1.0
146,163,1.0
137,165,1.0
120,167,1.0
126,167,1.0
142,180,1.0
156,182,1.0
124,184,1.0
158,187,1.0
144,196,1.0
160,162,1.0
164,166,1.0
166,168,1.0
165,169,1.0
166,171,1.0
168,172,1.0
169,173,1.0
172,174,1.0
162,175,1.0
164,175,1.0
171,175,1.0
170,176,1.0
175,176,1.0
167,177,1.0
176,177,1.0
161,178,1.0
164,178,1.0
169,178,1.0
173,178,1.0
174,178,1.0
176,178,1.0
163,179,1.0
174,179,1.0
176,179,1.0
165,180,1.0
167,180,1.0
161,181,1.0
163,181,1.0
164,181,1.0
175,181,1.0
177,182,1.0
180,182,1.0
170,183,1.0
178,183,1.0
180,183,1.0
183,184,1.0
166,185,1.0
178,185,1.0
184,185,1.0
162,186,1.0
169,186,1.0
171,186,1.0
167,187,1.0
185,187,1.0
162,188,1.0
174,188,1.0
182,188,1.0
184,188,1.0
164,189,1.0
167,189,1.0
174,189,1.0
175,189,1.0
177,189,1.0
178,189,1.0
184,189,1.0
165,194,1.0
167,198,1.0
179,199,1.0
191,192,1.0
193,194,1.0
194,195,1.0
192,196,1.0
191,197,1.0
190,199,1.0
89,200,1.0
0,201,1.0
114,202,1.0
46,203,1.0
185,204,1.0
122,205,1.0
122,206,1.0
153,207,1.0
16,208,1.0
70,209,1.0
90,210,1.0
29,211,1.0
27,212,1.0
172,213,1.0
42,214,1.0
102,215,1.0
136,216,1.0
102,217,1.0
173,218,1.0
82,219,1.0
104,220,1.0
184,221,1.0
128,222,1.0
48,223,1.0
34,224,1.0
77,225,1.0
93,226,1.0
60,227,1.0
146,228,1.0
164,229,1.0
159,230,1.0
132,231,1.0
180,232,1.0
70,233,1.0
72,234,1.0
22,235,1.0
43,236,1.0
105,237,1.0
168,238,1.0
0,239,1.0
197,240,1.0
83,241,1.0
89,242,1.0
112,243,1.0
164,244,1.0
40,245,1.0
171,246,1.0
34,247,1.0
81,248,1.0
199,249,1.0
