source,target,weight
2,5,1.0
0,6,1.0
3,6,1.0
0,9,1.0
9,11,1.0
7,12,1.0
9,12,1.0
3,13,1.0
1,15,1.0
11,15,1.0
5,16,1.0
8,16,1.0
11,16,1.0
13,16,1.0
7,17,1.0
15,18,1.0
7,19,1.0
9,19,1.0
17,19,1.0
3,20,1.0
8,20,1.0
15,20,1.0
0,21,1.0
1,21,1.0
2,21,1.0
3,21,1.0
4,21,1.0
20,21,1.0
3,22,1.0
5,22,1.0
7,22,1.0
17,22,1.0
18,22,1.0
3,23,1.0
7,23,1.0
8,23,1.0
0,24,1.0
7,24,1.0
13,24,1.0
2,25,1.0
5,25,1.0
8,25,1.0
10,25,1.0
23,25,1.0
3,26,1.0
10,26,1.0
13,26,1.0
14,26,1.0
16,26,1.0
4,27,1.0
10,27,1.0
19,27,1.0
3,28,1.0
7,29,1.0
15,29,1.0
21,29,1.0
10,30,1.0
18,30,1.0
20,30,1.0
21,30,1.0
29,30,1.0
1,31,1.0
9,31,1.0
13,31,1.0
27,31,1.0
28,31,1.0
4,32,1.0
10,32,1.0
26,32,1.0
0,33,1.0
30,33,1.0
10,34,1.0
17,34,1.0
19,34,1.0
23,34,1.0
10,35,1.0
15,35,1.0
29,35,1.0
32,35,1.0
8,36,1.0
26,36,1.0
3,37,1.0
5,37,1.0
17,37,1.0
20,37,1.0
35,37,1.0
1,38,1.0
11,38,1.0
23,38,1.0
13,39,1.0
17,39,1.0
28,39,1.0
25,40,1.0
27,40,1.0
29,40,1.0
7,41,1.0
13,41,1.0
15,41,1.0
19,41,1.0
30,41,1.0
32,41,1.0
5,42,1.0
16,42,1.0
23,42,1.0
29,42,1.0
4,43,1.0
12,43,1.0
18,43,1.0
22,43,1.0
24,43,1.0
27,43,1.0
28,43,1.0
32,43,1.0
33,43,1.0
16,44,1.0
24,44,1.0
33,44,1.0
2,45,1.0
14,45,1.0
5,46,1.0
6,46,1.0
18,46,1.0
30,46,1.0
35,46,1.0
39,46,1.0
45,46,1.0
0,47,1.0
1,47,1.0
17,47,1.0
23,47,1.0
29,47,1.0
32,47,1.0
34,47,1.0
39,47,1.0
0,48,1.0
6,48,1.0
7,48,1.0
45,48,1.0
8,49,1.0
22,49,1.0
29,49,1.0
42,49,1.0
43,49,1.0
15,50,1.0
17,50,1.0
25,50,1.0
27,50,1.0
29,50,1.0
45,50,1.0
47,50,1.0
0,51,1.0
3,51,1.0
5,51,1.0
20,51,1.0
30,51,1.0
33,51,1.0
6,52,1.0
7,52,1.0
10,52,1.0
19,52,1.0
28,52,1.0
42,52,1.0
43,52,1.0
10,53,1.0
16,53,1.0
20,53,1.0
31,53,1.0
42,53,1.0
50,53,1.0
17,54,1.0
36,54,1.0
40,54,1.0
44,54,1.0
50,54,1.0
52,54,1.0
2,55,1.0
10,55,1.0
12,55,1.0
34,55,1.0
37,55,1.0
46,55,1.0
8,56,1.0
16,56,1.0
19,56,1.0
20,56,1.0
24,56,1.0
27,56,1.0
34,56,1.0
38,56,1.0
42,56,1.0
4,57,1.0
10,57,1.0
25,57,1.0
44,57,1.0
52,57,1.0
7,58,1.0
11,58,1.0
20,58,1.0
38,58,1.0
51,58,1.0
52,58,1.0
57,58,1.0
9,59,1.0
11,59,1.0
12,59,1.0
14,59,1.0
21,59,1.0
30,59,1.0
31,59,1.0
50,59,1.0
56,59,1.0
0,60,1.0
9,60,1.0
22,60,1.0
23,60,1.0
24,60,1.0
25,60,1.0
33,60,1.0
35,60,1.0
41,60,1.0
42,60,1.0
51,60,1.0
1,61,1.0
13,61,1.0
31,61,1.0
42,61,1.0
44,61,1.0
47,61,1.0
59,61,1.0
10,62,1.0
23,62,1.0
28,62,1.0
30,62,1.0
31,62,1.0
43,62,1.0
48,62,1.0
55,62,1.0
0,63,1.0
7,63,1.0
11,63,1.0
16,63,1.0
19,63,1.0
27,63,1.0
30,63,1.0
40,63,1.0
45,63,1.0
52,63,1.0
1,64,1.0
21,64,1.0
22,64,1.0
50,64,1.0
56,64,1.0
6,65,1.0
8,65,1.0
23,65,1.0
30,65,1.0
33,65,1.0
45,65,1.0
58,65,1.0
4,66,1.0
7,66,1.0
14,66,1.0
16,66,1.0
22,66,1.0
29,66,1.0
31,66,1.0
45,66,1.0
64,66,1.0
0,67,1.0
3,67,1.0
14,67,1.0
16,67,1.0
22,67,1.0
24,67,1.0
25,67,1.0
36,67,1.0
42,67,1.0
44,67,1.0
49,67,1.0
50,67,1.0
22,68,1.0
30,68,1.0
34,68,1.0
48,68,1.0
60,68,1.0
13,69,1.0
14,69,1.0
15,69,1.0
18,69,1.0
21,69,1.0
25,69,1.0
26,69,1.0
32,69,1.0
37,69,1.0
38,69,1.0
41,69,1.0
44,69,1.0
27,70,1.0
43,70,1.0
51,70,1.0
39,71,1.0
1,72,1.0
5,72,1.0
59,72,1.0
3,73,1.0
8,73,1.0
62,73,1.0
21,74,1.0
3,75,1.0
59,75,1.0
0,76,1.0
19,76,1.0
3,77,1.0
26,77,1.0
34,77,1.0
57,77,1.0
17,78,1.0
7,80,1.0
14,80,1.0
27,80,1.0
33,80,1.0
20,81,1.0
38,82,1.0
33,83,1.0
12,84,1.0
14,84,1.0
15,84,1.0
53,84,1.0
2,85,1.0
7,85,1.0
17,85,1.0
7,86,1.0
25,86,1.0
46,87,1.0
49,87,1.0
67,87,1.0
27,88,1.0
19,89,1.0
64,89,1.0
47,90,1.0
66,90,1.0
0,91,1.0
2,91,1.0
7,92,1.0
15,92,1.0
20,92,1.0
45,92,1.0
51,92,1.0
64,93,1.0
48,94,1.0
0,95,1.0
23,96,1.0
39,96,1.0
40,97,1.0
54,98,1.0
16,100,1.0
31,100,1.0
32,100,1.0
56,100,1.0
46,101,1.0
55,101,1.0
5,102,1.0
31,102,1.0
1,105,1.0
30,105,1.0
12,106,1.0
24,106,1.0
25,106,1.0
2,109,1.0
26,110,1.0
55,110,1.0
23,113,1.0
29,113,1.0
7,115,1.0
35,115,1.0
64,115,1.0
19,116,1.0
14,122,1.0
63,122,1.0
56,129,1.0
41,132,1.0
46,134,1.0
44,135,1.0
38,136,1.0
22,137,1.0
39,137,1.0
68,138,1.0
17,140,1.0
32,140,1.0
69,140,1.0
1,141,1.0
43,143,1.0
61,143,1.0
19,146,1.0
47,146,1.0
16,147,1.0
38,148,1.0
49,149,1.0
0,150,1.0
52,150,1.0
16,151,1.0
29,151,1.0
63,152,1.0
27,153,1.0
6,155,1.0
12,155,1.0
49,155,1.0
25,156,1.0
33,157,1.0
57,160,1.0
63,161,1.0
33,165,1.0
16,166,1.0
57,166,1.0
66,167,1.0
41,173,1.0
2,178,1.0
20,178,1.0
29,180,1.0
23,188,1.0
1,189,1.0
31,192,1.0
48,193,1.0
48,194,1.0
13,195,1.0
70,71,1.0
70,76,1.0
75,77,1.0
70,79,1.0
77,79,1.0
73,81,1.0
77,81,1.0
77,82,1.0
71,84,1.0
75,84,1.0
80,84,1.0
72,87,1.0
81,87,1.0
85,87,1.0
86,87,1.0
73,88,1.0
75,88,1.0
86,88,1.0
70,89,1.0
86,89,1.0
74,90,1.0
76,90,1.0
82,90,1.0
85,90,1.0
72,91,1.0
75,91,1.0
81,91,1.0
82,91,1.0
86,91,1.0
79,92,1.0
87,92,1.0
88,92,1.0
91,92,1.0
76,93,1.0
74,94,1.0
78,95,1.0
84,95,1.0
72,96,1.0
89,96,1.0
95,96,1.0
85,97,1.0
72,98,1.0
74,98,1.0
75,98,1.0
80,98,1.0
85,98,1.0
83,99,1.0
95,99,1.0
75,100,1.0
76,100,1.0
82,100,1.0
83,100,1.0
98,100,1.0
77,101,1.0
78,101,1.0
81,101,1.0
84,101,1.0
89,101,1.0
94,101,1.0
96,101,1.0
87,102,1.0
99,102,1.0
100,102,1.0
86,103,1.0
88,103,1.0
92,103,1.0
99,103,1.0
85,104,1.0
86,104,1.0
93,104,1.0
94,104,1.0
100,104,1.0
101,104,1.0
102,104,1.0
72,105,1.0
73,105,1.0
74,105,1.0
82,105,1.0
83,105,1.0
86,105,1.0
82,106,1.0
96,106,1.0
71,107,1.0
72,107,1.0
74,107,1.0
75,107,1.0
77,107,1.0
85,107,1.0
95,107,1.0
96,107,1.0
103,107,1.0
76,108,1.0
83,108,1.0
84,108,1.0
104,108,1.0
81,109,1.0
84,109,1.0
97,109,1.0
101,109,1.0
91,110,1.0
101,110,1.0
104,110,1.0
106,110,1.0
82,111,1.0
103,111,1.0
109,111,1.0
70,112,1.0
77,112,1.0
79,112,1.0
88,112,1.0
89,112,1.0
100,112,1.0
104,112,1.0
105,112,1.0
111,112,1.0
70,113,1.0
72,113,1.0
92,113,1.0
96,113,1.0
103,113,1.0
107,113,1.0
75,114,1.0
81,114,1.0
84,114,1.0
86,114,1.0
89,114,1.0
92,114,1.0
95,114,1.0
85,115,1.0
89,115,1.0
94,115,1.0
99,115,1.0
103,115,1.0
73,116,1.0
86,116,1.0
102,116,1.0
113,116,1.0
78,117,1.0
87,117,1.0
102,117,1.0
73,118,1.0
80,118,1.0
99,118,1.0
100,118,1.0
110,118,1.0
111,118,1.0
112,118,1.0
71,119,1.0
76,119,1.0
77,119,1.0
84,119,1.0
115,119,1.0
72,120,1.0
73,124,1.0
91,126,1.0
94,128,1.0
106,128,1.0
75,131,1.0
90,132,1.0
103,133,1.0
100,134,1.0
74,136,1.0
109,136,1.0
90,140,1.0
84,141,1.0
98,142,1.0
91,144,1.0
106,144,1.0
113,146,1.0
104,148,1.0
70,151,1.0
87,152,1.0
112,155,1.0
70,156,1.0
85,159,1.0
92,159,1.0
114,160,1.0
115,165,1.0
84,169,1.0
99,179,1.0
81,183,1.0
90,185,1.0
107,186,1.0
98,187,1.0
78,191,1.0
94,191,1.0
105,192,1.0
70,195,1.0
76,195,1.0
79,196,1.0
89,198,1.0
120,124,1.0
120,125,1.0
122,125,1.0
123,125,1.0
123,127,1.0
124,128,1.0
125,129,1.0
120,130,1.0
123,130,1.0
125,130,1.0
126,130,1.0
128,130,1.0
123,131,1.0
127,131,1.0
120,132,1.0
124,132,1.0
131,133,1.0
123,134,1.0
124,134,1.0
131,134,1.0
126,135,1.0
124,136,1.0
130,136,1.0
134,136,1.0
122,137,1.0
134,137,1.0
126,138,1.0
129,138,1.0
132,138,1.0
135,138,1.0
123,139,1.0
131,139,1.0
127,141,1.0
131,141,1.0
132,141,1.0
134,142,1.0
137,142,1.0
120,143,1.0
124,143,1.0
129,143,1.0
135,143,1.0
139,143,1.0
124,144,1.0
126,144,1.0
137,144,1.0
120,145,1.0
125,145,1.0
128,145,1.0
142,145,1.0
123,146,1.0
140,146,1.0
142,146,1.0
144,146,1.0
127,147,1.0
130,147,1.0
136,147,1.0
139,147,1.0
143,147,1.0
124,148,1.0
134,148,1.0
137,149,1.0
142,149,1.0
122,150,1.0
128,150,1.0
132,150,1.0
135,150,1.0
137,150,1.0
141,150,1.0
148,150,1.0
129,151,1.0
132,151,1.0
141,151,1.0
149,151,1.0
150,151,1.0
121,152,1.0
122,152,1.0
125,152,1.0
126,152,1.0
136,152,1.0
142,152,1.0
143,152,1.0
121,153,1.0
123,153,1.0
127,153,1.0
129,153,1.0
132,153,1.0
129,154,1.0
134,154,1.0
137,154,1.0
140,154,1.0
149,154,1.0
128,155,1.0
131,155,1.0
137,155,1.0
145,155,1.0
146,155,1.0
148,155,1.0
153,155,1.0
121,156,1.0
130,156,1.0
138,156,1.0
139,156,1.0
123,157,1.0
136,157,1.0
138,157,1.0
141,157,1.0
147,157,1.0
150,157,1.0
151,157,1.0
122,158,1.0
129,158,1.0
146,158,1.0
147,158,1.0
124,159,1.0
133,159,1.0
139,159,1.0
142,159,1.0
153,159,1.0
157,172,1.0
126,184,1.0
142,187,1.0
150,189,1.0
126,196,1.0
161,163,1.0
160,164,1.0
163,165,1.0
162,166,1.0
164,168,1.0
162,169,1.0
164,169,1.0
165,169,1.0
168,169,1.0
161,170,1.0
162,172,1.0
166,172,1.0
163,173,1.0
163,174,1.0
164,174,1.0
173,175,1.0
163,176,1.0
169,176,1.0
170,176,1.0
172,176,1.0
172,177,1.0
163,179,1.0
178,179,1.0
164,180,1.0
166,180,1.0
172,180,1.0
165,181,1.0
175,181,1.0
168,182,1.0
171,182,1.0
178,182,1.0
179,182,1.0
166,183,1.0
179,183,1.0
161,184,1.0
166,184,1.0
170,184,1.0
171,184,1.0
179,184,1.0
182,184,1.0
162,185,1.0
163,185,1.0
167,185,1.0
169,185,1.0
173,185,1.0
177,185,1.0
161,186,1.0
173,186,1.0
167,187,1.0
175,187,1.0
161,188,1.0
173,188,1.0
181,188,1.0
178,189,1.0
181,189,1.0
182,189,1.0
187,189,1.0
163,190,1.0
171,194,1.0
165,195,1.0
174,198,1.0
168,199,1.0
191,195,1.0
192,195,1.0
190,197,1.0
194,198,1.0
190,199,1.0
92,200,1.0
122,201,1.0
180,202,1.0
170,203,1.0
176,204,1.0
149,205,1.0
184,206,1.0
20,207,1.0
186,208,1.0
31,209,1.0
161,210,1.0
152,211,1.0
162,212,1.0
187,213,1.0
32,214,1.0
142,215,1.0
13,216,1.0
187,217,1.0
134,218,1.0
181,219,1.0
15,220,1.0
7,221,1.0
126,222,1.0
46,223,1.0
151,224,1.0
78,225,1.0
124,226,1.0
2,227,1.0
131,228,1.0
100,229,1.0
199,230,1.0
74,231,1.0
193,232,1.0
123,233,1.0
67,234,1.0
69,235,1.0
45,236,1.0
28,237,1.0
114,238,1.0
1,239,1.0
186,240,1.0
22,241,1.0
77,242,1.0
61,243,1.0
107,244,1.0
90,245,1.0
88,246,1.0
37,247,1.0
121,248,1.0
170,249,1.0
